desc: I1 cache:         32768 B, 64 B, 8-way associative
desc: D1 cache:         32768 B, 32 B, 8-way associative
desc: LL cache:         6291456 B, 64 B, 12-way associative
cmd: ./a.out 1000000
events: Ir I1mr ILmr Dr D1mr DLmr Dw D1mw DLmw 
fl=/build/glibc-uZu3wS/glibc-2.27/csu/../csu/init-first.c
fn=_init
52 8 1 1 0 0 0 4 0 0
55 4 0 0 1 0 0 1 1 0
62 5 1 1 4 0 0 0 0 0
67 1 0 0 0 0 0 1 1 1
68 1 0 0 0 0 0 1 0 0
69 2 1 1 1 0 0 1 1 1
81 4 0 0 0 0 0 1 0 0
84 1 0 0 0 0 0 1 0 0
89 6 0 0 5 0 0 0 0 0
fl=/build/glibc-uZu3wS/glibc-2.27/csu/../csu/libc-start.c
fn=(below main)
137 10 2 2 0 0 0 7 0 0
141 4 0 0 1 0 0 1 0 0
239 2 0 0 0 0 0 0 0 0
240 4 0 0 0 0 0 1 0 0
262 4 0 0 2 0 0 0 0 0
265 2 1 1 0 0 0 0 0 0
266 5 0 0 4 0 0 1 0 0
270 4 0 0 2 0 0 0 0 0
285 2 0 0 0 0 0 0 0 0
297 2 0 0 0 0 0 1 0 0
298 2 1 1 0 0 0 0 0 0
303 2 0 0 1 1 0 1 0 0
304 2 0 0 1 1 0 1 0 0
307 2 0 0 0 0 0 1 0 0
310 6 1 1 5 0 0 1 0 0
344 2 0 0 0 0 0 1 0 0
fl=/build/glibc-uZu3wS/glibc-2.27/csu/../sysdeps/generic/dl-hash.h
fn=_init
43 1 0 0 0 0 0 0 0 0
44 1 0 0 0 0 0 0 0 0
45 13 0 0 4 0 0 0 0 0
48 12 0 0 0 0 0 0 0 0
62 16 0 0 0 0 0 0 0 0
67 1 0 0 0 0 0 0 0 0
fl=/build/glibc-uZu3wS/glibc-2.27/csu/../sysdeps/unix/sysv/linux/x86_64/init-first.c
fn=_init
36 7 1 1 0 0 0 3 0 0
38 4 1 1 0 0 0 1 0 0
40 3 0 0 0 0 0 0 0 0
41 2 0 0 1 0 0 0 0 0
42 1 1 1 0 0 0 1 1 0
44 3 0 0 0 0 0 1 0 0
45 2 0 0 1 0 0 0 0 0
46 1 0 0 0 0 0 1 0 0
fl=/build/glibc-uZu3wS/glibc-2.27/ctype/ctype-info.c
fn=__ctype_init
31 7 2 2 5 3 0 1 0 0
33 4 0 0 2 0 0 1 0 0
35 4 0 0 2 0 0 1 0 0
36 1 0 0 1 0 0 0 0 0
fl=/build/glibc-uZu3wS/glibc-2.27/elf/../elf/dl-runtime.c
fn=_dl_fixup
66 6 1 1 0 0 0 2 0 0
68 2 0 0 2 0 0 0 0 0
69 4 0 0 4 2 0 0 0 0
72 10 0 0 4 4 0 0 0 0
73 14 1 1 4 2 0 2 0 0
75 6 0 0 4 0 0 0 0 0
80 4 0 0 0 0 0 0 0 0
84 4 0 0 2 1 0 0 0 0
88 6 0 0 2 1 0 0 0 0
92 4 0 0 4 2 0 0 0 0
93 8 1 1 2 1 0 0 0 0
95 10 0 0 2 1 0 0 0 0
101 2 0 0 0 0 0 0 0 0
102 6 0 0 2 1 0 0 0 0
112 20 1 1 4 2 0 6 1 0
116 10 0 0 6 0 0 0 0 0
126 14 0 0 4 1 0 0 0 0
134 2 0 0 2 0 0 0 0 0
142 8 1 1 2 0 0 0 0 0
146 6 0 0 2 1 0 0 0 0
150 6 0 0 4 0 0 0 0 0
fl=/build/glibc-uZu3wS/glibc-2.27/elf/../elf/dl-sysdep.c
fn=_dl_sysdep_start
88 8 1 1 0 0 0 6 2 1
89 10 1 1 4 2 1 5 0 0
90 1 0 0 0 0 0 0 0 0
112 1 0 0 0 0 0 1 0 0
113 252 1 1 82 21 10 4 3 3
116 2 0 0 0 0 0 1 0 0
117 1 1 1 0 0 0 1 1 0
119 126 5 5 32 6 5 13 2 1
120 110 0 0 18 5 3 0 0 0
123 1 0 0 1 1 1 0 0 0
126 1 1 1 1 1 0 0 0 0
129 1 1 1 1 1 0 0 0 0
130 1 0 0 0 0 0 0 0 0
132 1 0 0 1 0 0 0 0 0
133 1 0 0 0 0 0 0 0 0
153 1 1 1 1 1 0 0 0 0
154 1 0 0 0 0 0 0 0 0
156 1 0 0 1 1 0 0 0 0
157 1 0 0 0 0 0 0 0 0
159 2 2 2 1 0 0 1 0 0
160 1 0 0 0 0 0 1 0 0
165 2 0 0 1 0 0 1 0 0
166 1 0 0 0 0 0 1 0 0
181 2 1 1 1 0 0 1 0 0
182 1 0 0 0 0 0 1 0 0
224 1 0 0 0 0 0 1 1 1
236 2 1 1 0 0 0 2 0 0
238 5 0 0 0 0 0 1 0 0
250 3 0 0 1 0 0 0 0 0
253 5 1 1 1 0 0 1 0 0
254 1 1 0 1 1 0 0 0 0
255 8 0 0 7 2 0 0 0 0
fn=_dl_sysdep_start_cleanup
260 1 1 0 1 0 0 0 0 0
fl=/build/glibc-uZu3wS/glibc-2.27/elf/../elf/dl-tls.c
fn=_dl_add_to_slotinfo
887 4 1 1 0 0 0 3 0 0
893 2 0 0 1 0 0 0 0 0
896 1 0 0 1 1 0 0 0 0
901 7 1 1 2 2 0 0 0 0
942 1 0 0 0 0 0 1 1 0
943 1 0 0 0 0 0 1 0 0
944 4 0 0 4 0 0 0 0 0
fn=_dl_allocate_tls_init
437 9 1 1 0 0 0 7 0 0
438 2 0 0 0 0 0 0 0 0
442 2 0 0 1 1 0 1 0 0
444 2 0 0 0 0 0 0 0 0
445 1 1 1 0 0 0 0 0 0
448 3 0 0 2 1 0 0 0 0
460 2 0 0 1 0 0 1 0 0
465 11 0 0 2 0 0 1 0 0
471 15 1 1 0 0 0 1 0 0
474 1 0 0 1 0 0 0 0 0
475 2 0 0 0 0 0 0 0 0
481 3 1 1 2 0 0 0 0 0
482 2 0 0 0 0 0 0 0 0
484 6 0 0 2 0 0 1 1 1
485 1 1 1 0 0 0 1 0 0
487 2 0 0 0 0 0 0 0 0
488 2 0 0 1 0 0 0 0 0
491 2 0 0 0 0 0 0 0 0
492 4 0 0 2 0 0 0 0 0
494 2 0 0 0 0 0 0 0 0
495 2 0 0 1 0 0 0 0 0
504 1 0 0 0 0 0 1 0 0
507 15 1 1 6 0 0 2 0 0
517 1 1 1 0 0 0 0 0 0
521 3 0 0 2 0 0 1 0 0
524 8 0 0 7 0 0 0 0 0
fn=_dl_allocate_tls_storage
285 2 0 0 1 0 0 0 0 0
286 3 0 0 0 0 0 1 0 0
287 2 1 1 0 0 0 0 0 0
290 1 0 0 0 0 0 1 1 0
296 2 0 0 0 0 0 1 0 0
332 3 1 1 0 0 0 3 0 0
334 1 0 0 1 0 0 0 0 0
345 1 1 1 1 0 0 0 0 0
346 2 0 0 0 0 0 1 0 0
347 3 0 0 0 0 0 0 0 0
355 4 0 0 0 0 0 0 0 0
356 1 0 0 0 0 0 0 0 0
360 297 1 1 0 0 0 289 72 36
379 1 0 0 0 0 0 1 1 1
385 5 0 0 4 0 0 0 0 0
fn=_dl_count_modids
113 2 1 1 1 0 0 0 0 0
114 2 0 0 2 1 1 0 0 0
fn=_dl_determine_tlsoffset
135 5 0 0 0 0 0 5 0 0
136 2 0 0 0 0 0 0 0 0
137 1 0 0 0 0 0 0 0 0
138 1 0 0 0 0 0 0 0 0
141 3 1 1 1 0 0 0 0 0
144 2 0 0 1 0 0 0 0 0
178 1 0 0 0 0 0 0 0 0
180 13 1 1 2 1 0 0 0 0
182 4 1 1 1 0 0 0 0 0
184 3 1 1 1 0 0 0 0 0
185 2 1 1 1 0 0 0 0 0
187 2 0 0 0 0 0 0 0 0
189 5 0 0 1 0 0 0 0 0
205 8 0 0 0 0 0 0 0 0
207 2 0 0 0 0 0 0 0 0
208 2 0 0 0 0 0 0 0 0
217 1 0 0 0 0 0 1 0 0
220 1 0 0 0 0 0 1 0 0
221 1 1 1 0 0 0 1 0 0
272 1 0 0 0 0 0 1 0 0
273 6 0 0 6 0 0 0 0 0
fn=_dl_next_tls_modid
51 4 1 1 2 0 0 0 0 0
99 1 0 0 0 0 0 1 0 0
103 1 0 0 1 0 0 0 0 0
fl=/build/glibc-uZu3wS/glibc-2.27/elf/../misc/sbrk.c
fn=sbrk
32 4 0 0 0 0 0 2 0 0
40 6 1 1 2 1 0 0 0 0
44 2 0 0 0 0 0 0 0 0
60 5 1 1 3 0 0 0 0 0
fl=/build/glibc-uZu3wS/glibc-2.27/elf/../sysdeps/generic/ldsodefs.h
fn=_dl_relocate_object
102 288 0 0 96 0 0 0 0 0
fn=do_lookup_x
102 261 1 1 87 0 0 0 0 0
fl=/build/glibc-uZu3wS/glibc-2.27/elf/../sysdeps/posix/dl-fileid.h
fn=_dl_map_object_from_fd
37 12 1 1 0 0 0 2 0 0
40 2 0 0 2 0 0 0 0 0
41 4 0 0 2 1 0 2 0 0
49 13 0 0 7 1 1 0 0 0
fl=/build/glibc-uZu3wS/glibc-2.27/elf/../sysdeps/unix/sysv/linux/dl-osinfo.h
fn=dl_main
64 2 0 0 1 1 0 0 0 0
77 1 0 0 1 0 0 0 0 0
fl=/build/glibc-uZu3wS/glibc-2.27/elf/../sysdeps/unix/sysv/linux/dl-sysdep.c
fn=_dl_discover_osversion
45 4 1 1 0 0 0 3 0 0
47 3 1 1 1 0 0 0 0 0
87 5 1 1 0 0 0 1 1 1
102 1 0 0 0 0 0 0 0 0
106 1 0 0 0 0 0 0 0 0
107 1 0 0 0 0 0 0 0 0
109 12 0 0 3 1 1 0 0 0
111 6 0 0 0 0 0 0 0 0
113 12 1 1 3 0 0 0 0 0
119 3 0 0 0 0 0 0 0 0
120 3 0 0 0 0 0 0 0 0
121 3 0 0 0 0 0 0 0 0
123 13 0 0 0 0 0 0 0 0
128 2 1 1 0 0 0 0 0 0
132 5 1 1 4 0 0 0 0 0
fn=_dl_sysdep_start
35 2 0 0 0 0 0 1 0 0
fl=/build/glibc-uZu3wS/glibc-2.27/elf/../sysdeps/unix/sysv/linux/dl-vdso.c
fn=_dl_vdso_vsym
25 20 1 1 4 1 0 4 0 0
26 8 0 0 8 1 0 0 0 0
27 4 1 1 0 0 0 0 0 0
30 8 0 0 0 0 0 0 0 0
47 4 0 0 0 0 0 0 0 0
48 24 1 1 12 0 0 0 0 0
fl=/build/glibc-uZu3wS/glibc-2.27/elf/../sysdeps/unix/sysv/linux/not-errno.h
fn=_dl_important_hwcaps
28 4 1 1 0 0 0 0 0 0
fn=_dl_load_cache_lookup
28 4 0 0 0 0 0 0 0 0
32 3 0 0 0 0 0 0 0 0
fl=/build/glibc-uZu3wS/glibc-2.27/elf/../sysdeps/unix/sysv/linux/x86_64/brk.c
fn=brk
31 7 1 1 0 0 0 1 1 1
33 2 1 1 0 0 0 0 0 0
39 1 0 0 0 0 0 0 0 0
40 1 0 0 1 0 0 0 0 0
fl=/build/glibc-uZu3wS/glibc-2.27/elf/../sysdeps/x86/cpu-features.c
fn=_dl_sysdep_start
37 2 0 0 0 0 0 0 0 0
38 2 0 0 0 0 0 0 0 0
39 6 1 1 0 0 0 4 0 0
198 1 0 0 0 0 0 1 0 0
199 1 1 1 0 0 0 1 0 0
210 3 0 0 0 0 0 1 0 0
213 6 0 0 0 0 0 0 0 0
217 3 0 0 0 0 0 1 0 0
219 6 1 1 0 0 0 1 0 0
224 4 0 0 2 0 0 0 0 0
226 3 1 1 2 0 0 1 0 0
227 7 0 0 1 1 1 0 0 0
273 3 0 0 2 0 0 0 0 0
295 2 0 0 1 0 0 0 0 0
305 7 2 2 0 0 0 1 0 0
318 3 0 0 0 0 0 1 0 0
327 4 0 0 0 0 0 0 0 0
334 6 0 0 1 0 0 0 0 0
381 3 1 1 1 0 0 0 0 0
382 1 0 0 1 0 0 0 0 0
385 2 0 0 0 0 0 0 0 0
386 1 0 0 1 0 0 0 0 0
392 1 0 0 0 0 0 1 0 0
393 1 0 0 0 0 0 1 0 0
394 1 0 0 0 0 0 1 0 0
397 4 1 1 0 0 0 1 0 0
399 6 0 0 1 0 0 2 1 0
401 6 1 1 1 0 0 2 0 0
403 6 0 0 1 0 0 2 0 0
414 1 0 0 0 0 0 1 0 0
415 2 0 0 1 0 0 0 0 0
419 3 1 1 1 0 0 0 0 0
438 3 1 1 0 0 0 0 0 0
440 4 1 1 1 0 0 0 0 0
441 2 0 0 1 0 0 0 0 0
443 4 0 0 1 0 0 0 0 0
444 2 1 1 0 0 0 0 0 0
447 2 0 0 0 0 0 1 0 0
fn=get_common_indeces.constprop.1
48 2 1 1 0 0 0 1 0 0
52 4 0 0 0 0 0 0 0 0
55 5 0 0 0 0 0 3 0 0
58 1 0 0 0 0 0 1 0 0
59 4 1 1 0 0 0 1 0 0
60 4 0 0 0 0 0 1 0 0
61 4 0 0 0 0 0 1 0 0
62 3 0 0 0 0 0 1 0 0
63 2 1 1 1 0 0 0 0 0
70 2 0 0 1 0 0 0 0 0
71 7 0 0 0 0 0 4 1 0
78 3 1 1 1 0 0 0 0 0
82 2 0 0 0 0 0 0 0 0
84 4 0 0 0 0 0 0 0 0
88 2 1 1 0 0 0 0 0 0
91 4 0 0 1 1 1 1 0 0
94 2 0 0 1 0 0 0 0 0
96 3 0 0 0 0 0 1 0 0
98 2 0 0 0 0 0 0 0 0
100 3 0 0 0 0 0 1 0 0
105 3 1 1 0 0 0 0 0 0
124 2 0 0 1 0 0 0 0 0
128 4 0 0 0 0 0 0 0 0
129 2 0 0 0 0 0 0 0 0
131 1 0 0 0 0 0 0 0 0
132 1 0 0 0 0 0 0 0 0
135 2 1 1 0 0 0 1 0 0
137 1 0 0 0 0 0 1 0 0
139 3 0 0 0 0 0 0 0 0
142 2 0 0 0 0 0 0 0 0
192 3 1 1 2 0 0 0 0 0
fl=/build/glibc-uZu3wS/glibc-2.27/elf/../sysdeps/x86/dl-hwcap.h
fn=_dl_important_hwcaps
57 6 0 0 0 0 0 2 0 0
fl=/build/glibc-uZu3wS/glibc-2.27/elf/../sysdeps/x86/dl-procinfo.h
fn=_dl_load_cache_lookup
39 4 0 0 0 0 0 1 0 0
42 8 1 1 0 0 0 2 0 0
fl=/build/glibc-uZu3wS/glibc-2.27/elf/../sysdeps/x86_64/dl-machine.h
fn=_dl_fixup
242 2 0 0 0 0 0 2 0 0
fn=_dl_relocate_object
76 16 1 1 4 0 0 0 0 0
82 4 1 1 4 1 0 0 0 0
86 6 0 0 2 2 1 0 0 0
92 2 1 1 0 0 0 2 0 0
100 6 0 0 2 0 0 0 0 0
120 4 0 0 2 0 0 0 0 0
122 4 0 0 0 0 0 2 0 0
124 8 0 0 2 0 0 0 0 0
131 6 1 1 2 1 0 0 0 0
276 226 0 0 0 0 0 0 0 0
297 226 0 0 0 0 0 0 0 0
301 226 0 0 0 0 0 0 0 0
308 4642 12 12 875 93 70 659 6 0
310 498 1 1 210 3 1 0 0 0
313 420 3 3 105 0 0 0 0 0
335 678 0 0 113 3 3 0 0 0
430 51 1 1 17 0 0 0 0 0
434 68 1 1 17 1 0 0 0 0
439 51 0 0 34 4 2 0 0 0
448 51 0 0 17 0 0 17 10 8
458 384 2 2 192 25 11 96 25 7
481 12 0 0 0 0 0 4 0 0
491 6 0 0 0 0 0 3 0 0
535 3732 0 0 1244 624 312 0 0 0
540 2488 1 1 0 0 0 0 0 0
541 3732 0 0 1244 311 156 1244 429 233
551 94 0 0 47 0 0 0 0 0
555 16 0 0 0 0 0 0 0 0
557 24 0 0 8 1 0 0 0 0
558 8 0 0 8 7 4 0 0 0
575 78 0 0 78 0 0 0 0 0
577 39 0 0 0 0 0 39 0 0
578 39 0 0 0 0 0 39 6 2
fn=_dl_start
59 3 0 0 1 1 1 0 0 0
301 27 0 0 0 0 0 0 0 0
310 45 0 0 18 3 1 0 0 0
313 36 0 0 9 7 7 0 0 0
335 55 0 0 9 1 1 0 0 0
354 27 1 1 9 2 1 9 4 2
422 1 0 0 0 0 0 0 0 0
540 78 0 0 39 10 5 0 0 0
541 117 1 1 39 10 5 39 29 21
fl=/build/glibc-uZu3wS/glibc-2.27/elf/../sysdeps/x86_64/dl-trampoline.h
fn=_dl_runtime_resolve_xsave
71 2 1 1 0 0 0 2 0 0
74 2 0 0 0 0 0 0 0 0
76 2 0 0 0 0 0 0 0 0
86 2 0 0 2 1 0 0 0 0
92 2 0 0 0 0 0 2 1 0
93 2 0 0 0 0 0 2 0 0
94 2 0 0 0 0 0 2 0 0
95 2 1 1 0 0 0 2 0 0
96 2 0 0 0 0 0 2 1 0
97 2 0 0 0 0 0 2 0 0
98 2 0 0 0 0 0 2 0 0
102 2 0 0 0 0 0 0 0 0
103 2 0 0 0 0 0 0 0 0
106 2 0 0 0 0 0 2 1 0
107 2 0 0 0 0 0 2 0 0
109 2 0 0 0 0 0 2 0 0
110 2 0 0 0 0 0 2 0 0
111 2 0 0 0 0 0 2 1 0
112 2 1 1 0 0 0 2 0 0
113 2 0 0 0 0 0 2 0 0
114 2 0 0 0 0 0 2 0 0
116 2 0 0 2 0 0 66 19 0
123 2 0 0 2 0 0 0 0 0
124 2 0 0 2 0 0 0 0 0
125 2 0 0 0 0 0 2 1 0
126 2 0 0 0 0 0 0 0 0
131 2 0 0 0 0 0 0 0 0
132 2 0 0 0 0 0 0 0 0
133 2 0 0 72 0 0 0 0 0
135 2 0 0 2 0 0 0 0 0
136 2 1 1 2 0 0 0 0 0
137 2 0 0 2 0 0 0 0 0
138 2 0 0 2 0 0 0 0 0
139 2 0 0 2 0 0 0 0 0
140 2 0 0 2 0 0 0 0 0
141 2 0 0 2 0 0 0 0 0
143 2 0 0 0 0 0 0 0 0
145 2 0 0 2 0 0 0 0 0
149 2 0 0 0 0 0 0 0 0
152 2 0 0 0 0 0 0 0 0
fl=/build/glibc-uZu3wS/glibc-2.27/elf/./dl-load.h
fn=_dl_map_object_from_fd
90 8 0 0 4 0 0 0 0 0
91 6 0 0 4 0 0 2 0 0
93 8 0 0 4 0 0 0 0 0
94 5 0 0 3 0 0 0 0 0
95 6 1 1 2 0 0 0 0 0
96 4 0 0 1 0 0 0 0 0
98 4 0 0 0 0 0 1 0 0
fl=/build/glibc-uZu3wS/glibc-2.27/elf/./dl-map-segments.h
fn=_dl_map_object_from_fd
50 4 1 1 2 0 0 0 0 0
56 14 0 0 6 0 0 6 1 1
60 6 0 0 2 0 0 0 0 0
63 6 0 0 2 0 0 2 0 0
64 4 1 1 0 0 0 2 0 0
66 4 0 0 2 0 0 0 0 0
73 26 2 2 8 0 0 4 0 0
80 4 0 0 2 0 0 0 0 0
90 20 0 0 0 0 0 0 0 0
92 12 0 0 6 0 0 2 0 0
94 24 1 1 8 0 0 4 0 0
104 16 1 1 8 0 0 0 0 0
110 4 1 1 2 0 0 0 0 0
111 2 0 0 0 0 0 0 0 0
112 10 0 0 2 0 0 0 0 0
113 4 0 0 0 0 0 0 0 0
120 6 0 0 0 0 0 0 0 0
123 4 1 1 2 0 0 0 0 0
131 20 0 0 6 0 0 8 0 0
137 4 1 1 0 0 0 0 0 0
141 9 0 0 1 0 0 2 0 0
144 3 0 0 1 0 0 0 0 0
149 4 0 0 0 0 0 0 0 0
fl=/build/glibc-uZu3wS/glibc-2.27/elf/dl-addr.c
fn=_dl_addr
30 2 0 0 1 0 0 1 0 0
31 2 0 0 1 0 0 1 0 0
34 2 0 0 1 0 0 0 0 0
38 1 0 0 1 0 0 0 0 0
39 1 0 0 1 0 0 0 0 0
40 3 1 1 2 0 0 1 0 0
42 3 0 0 2 1 0 1 0 0
44 2 0 0 0 0 0 0 0 0
45 2 0 0 1 1 0 0 0 0
50 4050 0 0 2 0 0 0 0 0
52 1011 1 1 1011 115 17 0 0 0
53 2022 0 0 0 0 0 0 0 0
55 3664 0 0 916 0 0 0 0 0
61 11640 1 1 2328 991 453 0 0 0
63 9312 0 0 2328 0 0 0 0 0
64 16897 1 1 5309 737 339 0 0 0
69 2328 0 0 0 0 0 0 0 0
71 8396 0 0 2328 280 84 0 0 0
100 2 1 1 0 0 0 0 0 0
101 1 0 0 0 0 0 1 1 0
102 3 0 0 1 1 0 0 0 0
105 2 0 0 0 0 0 0 0 0
117 1 1 1 0 0 0 1 1 0
118 1 0 0 0 0 0 1 0 0
126 11 1 1 0 0 0 7 2 1
128 1 0 0 0 0 0 0 0 0
131 3 0 0 2 1 0 1 1 1
133 2 0 0 0 0 0 1 0 0
135 3 1 1 0 0 0 0 0 0
138 2 0 0 0 0 0 0 0 0
141 2 0 0 1 1 0 1 1 0
144 9 0 0 7 2 0 0 0 0
fl=/build/glibc-uZu3wS/glibc-2.27/elf/dl-cache.c
fn=_dl_cache_libcmp
141 22 1 1 22 10 10 0 0 0
142 110 0 0 0 0 0 0 0 0
144 216 0 0 0 0 0 0 0 0
146 2 0 0 0 0 0 0 0 0
152 4 0 0 0 0 0 0 0 0
153 3 0 0 0 0 0 0 0 0
154 4 1 1 1 0 0 0 0 0
156 4 0 0 1 0 0 0 0 0
158 2 0 0 0 0 0 0 0 0
164 106 0 0 0 0 0 0 0 0
166 192 0 0 86 1 0 0 0 0
167 30 1 1 10 0 0 0 0 0
170 43 1 1 0 0 0 0 0 0
171 43 0 0 0 0 0 0 0 0
174 3 0 0 1 0 0 0 0 0
fn=_dl_load_cache_lookup
187 9 1 1 0 0 0 6 0 0
195 2 0 0 1 0 0 0 0 0
198 3 0 0 1 1 1 0 0 0
201 5 1 1 0 0 0 1 1 1
209 5 0 0 1 0 0 0 0 0
210 7 1 1 3 1 1 0 0 0
214 1 0 0 0 0 0 1 0 0
217 4 0 0 1 0 0 0 0 0
220 2 1 1 0 0 0 1 0 0
221 3 0 0 0 0 0 0 0 0
222 8 0 0 3 1 1 0 0 0
243 1 1 1 0 0 0 0 0 0
249 2 0 0 0 0 0 0 0 0
258 3 0 0 0 0 0 1 0 0
260 1 0 0 1 0 0 0 0 0
264 6 1 1 1 0 0 2 1 0
266 2 0 0 0 0 0 0 0 0
270 7 0 0 3 0 0 3 0 0
271 3 0 0 1 0 0 0 0 0
285 249 9 9 34 10 9 17 0 0
297 10 2 2 2 0 0 0 0 0
301 2 0 0 1 0 0 0 0 0
305 2 0 0 1 0 0 0 0 0
313 9 1 1 1 0 0 1 0 0
314 3 0 0 0 0 0 1 0 0
315 2 0 0 0 0 0 1 0 0
316 8 0 0 7 0 0 0 0 0
fn=_dl_unload_cache
325 1 0 0 0 0 0 0 0 0
326 4 1 1 1 1 0 0 0 0
328 2 0 0 1 0 0 1 0 0
329 1 1 1 0 0 0 1 0 0
331 2 0 0 1 0 0 0 0 0
fl=/build/glibc-uZu3wS/glibc-2.27/elf/dl-debug.c
fn=_dl_debug_initialize
49 8 1 1 0 0 0 0 0 0
50 4 1 1 4 0 0 0 0 0
54 14 0 0 4 2 0 0 0 0
57 1 0 0 0 0 0 1 0 0
58 6 2 1 3 0 0 1 0 0
59 5 0 0 1 0 0 1 0 0
60 2 0 0 0 0 0 1 0 0
64 1 0 0 1 0 0 0 0 0
fn=_dl_debug_state
74 2 0 0 2 0 0 0 0 0
fl=/build/glibc-uZu3wS/glibc-2.27/elf/dl-deps.c
fn=_dl_map_object_deps
143 4 0 0 0 0 0 2 1 0
144 2 0 0 0 0 0 2 0 0
145 7 0 0 0 0 0 2 0 0
147 2 0 0 0 0 0 0 0 0
151 9 1 1 2 0 0 3 0 0
158 11 0 0 0 0 0 9 0 0
159 9 2 2 0 0 0 0 0 0
175 10 1 1 1 0 0 2 0 0
176 1 0 0 1 0 0 0 0 0
179 1 0 0 0 0 0 1 0 0
185 1 0 0 0 0 0 1 0 0
186 1 0 0 0 0 0 1 0 0
198 2 0 0 1 0 0 1 0 0
199 2 0 0 0 0 0 0 0 0
200 2 1 1 0 0 0 2 0 0
206 6 1 1 0 0 0 4 0 0
209 4 0 0 0 0 0 4 0 0
213 12 1 1 4 0 0 0 0 0
214 25 2 2 11 1 0 0 0 0
216 2 0 0 0 0 0 0 0 0
218 8 0 0 4 0 0 0 0 0
220 26 0 0 0 0 0 4 0 0
225 16 1 1 8 2 1 0 0 0
227 6 0 0 4 0 0 2 0 0
232 2 0 0 0 0 0 2 0 0
233 2 0 0 0 0 0 2 0 0
234 4 1 1 2 0 0 2 0 0
235 4 0 0 2 0 0 2 0 0
238 216 0 0 57 0 0 2 0 0
239 102 1 1 0 0 0 0 0 0
245 18 0 0 4 0 0 2 1 1
247 2 0 0 0 0 0 2 0 0
249 8 1 1 4 0 0 2 0 0
250 4 1 1 2 0 0 0 0 0
259 2 0 0 2 0 0 0 0 0
261 4 0 0 2 0 0 0 0 0
266 6 0 0 0 0 0 0 0 0
269 2 0 0 0 0 0 2 0 0
270 2 0 0 0 0 0 2 0 0
271 2 0 0 0 0 0 2 0 0
272 4 1 1 2 0 0 2 0 0
274 2 0 0 2 0 0 0 0 0
276 10 0 0 2 0 0 4 0 0
280 4 0 0 0 0 0 0 0 0
281 4 0 0 1 0 0 2 0 0
283 147 1 1 0 0 0 0 0 0
304 10 1 1 0 0 0 4 0 0
434 8 1 1 0 0 0 0 0 0
436 6 1 1 2 0 0 2 0 0
438 4 0 0 0 0 0 2 0 0
439 4 0 0 0 0 0 0 0 0
440 4 0 0 0 0 0 0 0 0
443 2 0 0 0 0 0 2 2 1
444 10 0 0 0 0 0 2 0 0
445 12 0 0 2 0 0 2 0 0
448 2 0 0 0 0 0 2 0 0
449 2 0 0 2 0 0 0 0 0
453 22 1 1 11 0 0 0 0 0
455 4 1 1 4 0 0 0 0 0
456 18 1 1 4 0 0 0 0 0
460 6 1 1 2 0 0 0 0 0
461 2 0 0 0 0 0 1 0 0
464 5 0 0 2 0 0 1 0 0
474 2 1 1 0 0 0 2 0 0
475 4 1 1 1 0 0 1 0 0
477 3 0 0 1 0 0 0 0 0
482 7 0 0 3 0 0 1 0 0
483 1 0 0 0 0 0 1 0 0
485 20 1 1 8 0 0 0 0 0
491 8 0 0 0 0 0 4 2 1
495 12 0 0 8 0 0 0 0 0
498 2 0 0 1 0 0 0 0 0
549 3 1 1 2 0 0 0 0 0
550 1 0 0 0 0 0 0 0 0
551 3 0 0 1 0 0 0 0 0
573 6 1 1 0 0 0 3 0 0
586 7 2 2 1 0 0 2 0 0
590 5 0 0 0 0 0 1 0 0
593 1 0 0 0 0 0 1 0 0
595 2 0 0 1 0 0 1 0 0
596 1 0 0 1 0 0 0 0 0
597 3 1 1 1 0 0 0 0 0
604 3 0 0 1 0 0 0 0 0
607 2 1 1 0 0 0 0 0 0
610 8 0 0 7 0 0 0 0 0
fn=openaux
60 4 1 1 0 0 0 2 0 0
63 20 1 1 8 0 0 4 0 0
64 4 0 0 2 0 0 0 0 0
67 2 0 0 2 0 0 0 0 0
68 4 0 0 4 0 0 0 0 0
fl=/build/glibc-uZu3wS/glibc-2.27/elf/dl-environ.c
fn=_dl_next_ld_env_entry
29 3 1 1 3 0 0 0 0 0
32 244 0 0 81 0 0 0 0 0
34 160 0 0 80 0 0 0 0 0
35 38 0 0 19 0 0 0 0 0
37 2 0 0 0 0 0 0 0 0
40 4 1 1 0 0 0 2 0 0
42 2 0 0 2 0 0 0 0 0
45 78 0 0 0 0 0 0 0 0
49 1 0 0 1 0 0 0 0 0
fl=/build/glibc-uZu3wS/glibc-2.27/elf/dl-error-skeleton.c
fn=_dl_catch_error
213 7 1 1 0 0 0 3 0 0
215 4 0 0 0 0 0 1 0 0
216 2 1 1 1 0 0 1 0 0
217 2 0 0 1 0 0 1 0 0
218 2 0 0 1 0 0 1 0 0
220 5 0 0 4 0 0 0 0 0
fn=_dl_catch_exception
175 12 1 1 0 0 0 9 0 0
187 6 1 1 0 0 0 6 3 2
188 6 0 0 0 0 0 3 0 0
190 6 0 0 3 0 0 3 0 0
191 6 0 0 0 0 0 3 0 0
194 18 0 0 0 0 0 3 2 0
196 9 1 1 6 0 0 3 0 0
197 6 0 0 3 0 0 3 0 0
198 12 0 0 3 0 0 6 0 0
207 12 0 0 6 0 0 0 0 0
fn=_dl_receive_error
226 3 0 0 0 0 0 2 0 0
227 1 0 0 1 0 0 0 0 0
228 1 1 1 1 0 0 0 0 0
231 1 0 0 0 0 0 1 0 0
232 1 0 0 0 0 0 1 0 0
234 2 0 0 0 0 0 1 0 0
236 1 0 0 0 0 0 1 0 0
237 1 0 0 0 0 0 1 0 0
238 4 0 0 3 0 0 0 0 0
fl=/build/glibc-uZu3wS/glibc-2.27/elf/dl-fini.c
fn=_dl_fini
30 8 1 1 0 0 0 6 0 0
47 6 0 0 0 0 0 1 0 0
50 7 0 0 1 1 0 0 0 0
53 2 1 1 1 1 0 1 0 0
55 1 0 0 1 1 0 0 0 0
58 2 0 0 0 0 0 0 0 0
60 8 1 1 3 1 0 1 0 0
65 1 0 0 0 0 0 1 0 0
68 7 0 0 0 0 0 0 0 0
73 13 0 0 4 1 0 0 0 0
75 8 1 1 4 4 0 0 0 0
77 8 0 0 0 0 0 0 0 0
79 8 0 0 0 0 0 4 0 0
80 4 0 0 0 0 0 4 4 0
81 4 0 0 0 0 0 0 0 0
85 4 0 0 4 3 0 0 0 0
87 6 1 1 0 0 0 0 0 0
88 4 0 0 0 0 0 0 0 0
94 10 1 1 0 0 0 1 0 0
104 2 1 1 1 0 0 1 0 0
109 16 0 0 5 0 0 1 0 0
111 4 0 0 4 0 0 0 0 0
113 12 0 0 4 0 0 0 0 0
116 8 0 0 0 0 0 4 0 0
119 12 1 1 4 4 0 0 0 0
120 6 1 1 2 2 0 0 0 0
123 4 0 0 2 0 0 0 0 0
134 6 0 0 4 4 0 0 0 0
135 2 0 0 2 0 0 0 0 0
136 4 0 0 2 2 0 0 0 0
137 20 1 1 4 2 0 2 0 0
138 4 0 0 2 2 0 2 0 0
142 4 0 0 0 0 0 0 0 0
143 6 0 0 4 2 0 2 0 0
149 24 1 1 8 1 0 0 0 0
165 8 0 0 4 0 0 0 0 0
171 6 0 0 2 0 0 0 0 0
177 2 0 0 1 0 0 0 0 0
184 8 0 0 7 0 0 0 0 0
fl=/build/glibc-uZu3wS/glibc-2.27/elf/dl-hwcaps.c
fn=_dl_important_hwcaps
42 13 2 2 0 0 0 10 3 2
43 8 0 0 1 0 0 3 0 0
46 3 0 0 0 0 0 0 0 0
55 18 1 1 1 0 0 0 0 0
56 6 0 0 0 0 0 0 0 0
57 4 0 0 0 0 0 0 0 0
65 3 1 1 1 0 0 0 0 0
69 3 1 1 0 0 0 0 0 0
129 1 0 0 0 0 0 0 0 0
131 4 1 1 0 0 0 0 0 0
146 7 0 0 0 0 0 0 0 0
147 1 0 0 0 0 0 0 0 0
149 2 0 0 0 0 0 0 0 0
166 1 0 0 0 0 0 0 0 0
183 19 2 2 2 0 0 1 0 0
184 6 0 0 2 0 0 2 1 1
186 1 0 0 0 0 0 1 1 1
187 2 0 0 0 0 0 2 0 0
188 7 0 0 1 0 0 0 0 0
191 3 1 1 1 0 0 0 0 0
193 1 0 0 0 0 0 1 1 0
194 6 0 0 1 0 0 1 0 0
198 2 0 0 0 0 0 1 0 0
199 1 0 0 0 0 0 1 0 0
202 3 0 0 1 0 0 0 0 0
205 4 1 1 0 0 0 1 0 0
209 8 0 0 1 0 0 2 0 0
210 4 0 0 1 0 0 0 0 0
212 3 1 1 0 0 0 0 0 0
213 2 0 0 0 0 0 0 0 0
214 3 0 0 1 0 0 0 0 0
215 2 0 0 0 0 0 0 0 0
222 2 1 1 0 0 0 0 0 0
228 11 0 0 1 0 0 5 2 0
229 5 1 1 0 0 0 1 0 0
230 4 0 0 2 0 0 0 0 0
259 10 0 0 0 0 0 3 1 0
262 6 1 1 2 0 0 2 0 0
265 2 1 1 0 0 0 0 0 0
269 1 0 0 1 0 0 0 0 0
272 2 0 0 0 0 0 0 0 0
275 12 0 0 4 0 0 4 0 0
278 13 1 1 3 0 0 0 0 0
279 24 1 1 1 0 0 6 0 0
280 6 0 0 2 0 0 2 0 0
283 10 1 1 4 0 0 4 0 0
285 7 0 0 3 0 0 0 0 0
290 28 1 1 2 0 0 0 0 0
291 16 0 0 0 0 0 8 2 1
295 22 1 1 0 0 0 0 0 0
298 51 0 0 0 0 0 0 0 0
299 72 0 0 0 0 0 0 0 0
300 36 0 0 24 0 0 0 0 0
302 6 0 0 0 0 0 0 0 0
305 3 0 0 1 0 0 0 0 0
306 2 0 0 0 0 0 0 0 0
307 15 1 1 1 0 0 0 0 0
309 6 0 0 0 0 0 0 0 0
310 2 1 1 2 0 0 0 0 0
313 4 0 0 0 0 0 2 0 0
320 19 0 0 6 0 0 4 0 0
321 4 0 0 0 0 0 0 0 0
323 8 0 0 0 0 0 0 0 0
326 3 0 0 2 0 0 1 0 0
328 2 1 1 1 0 0 0 0 0
329 9 1 1 7 0 0 0 0 0
fl=/build/glibc-uZu3wS/glibc-2.27/elf/dl-init.c
fn=_dl_init
30 15 2 2 5 0 0 0 0 0
36 8 0 0 0 0 0 4 0 0
39 16 0 0 8 1 0 0 0 0
40 3 1 1 0 0 0 0 0 0
44 9 1 1 3 3 0 0 0 0
45 3 1 1 1 0 0 0 0 0
49 4 0 0 2 0 0 0 0 0
58 15 1 1 6 2 0 3 1 0
61 1 0 0 1 0 0 0 0 0
62 4 0 0 0 0 0 0 0 0
68 6 1 1 4 3 0 0 0 0
70 5 0 0 4 1 0 0 0 0
71 23 1 1 4 0 0 3 0 0
72 14 1 1 3 0 0 3 0 0
79 11 1 1 0 0 0 6 0 0
80 1 0 0 1 1 0 0 0 0
81 1 0 0 1 0 0 0 0 0
84 3 1 1 1 0 0 0 0 0
87 2 0 0 0 0 0 1 0 0
92 2 0 0 0 0 0 0 0 0
117 2 0 0 1 0 0 0 0 0
118 15 0 0 0 0 0 0 0 0
119 12 0 0 8 0 0 0 0 0
125 8 0 0 7 0 0 0 0 0
fl=/build/glibc-uZu3wS/glibc-2.27/elf/dl-load.c
fn=_dl_dst_count
230 14 1 1 0 0 0 12 1 0
233 4 0 0 0 0 0 2 1 0
236 4 0 0 0 0 0 0 0 0
237 2 0 0 0 0 0 0 0 0
256 18 1 1 14 0 0 0 0 0
fn=_dl_init_paths
678 9 2 2 0 0 0 7 0 0
691 6 0 0 2 0 0 2 1 1
695 1 1 1 0 0 0 1 0 0
696 2 0 0 0 0 0 1 0 0
697 3 0 0 0 0 0 0 0 0
704 4 0 0 0 0 0 0 0 0
705 5 0 0 1 0 0 2 0 0
708 6 1 1 0 0 0 2 0 0
710 2 0 0 0 0 0 0 0 0
716 1 0 0 0 0 0 1 0 0
717 1 0 0 0 0 0 1 0 0
719 1 0 0 0 0 0 0 0 0
725 3 0 0 0 0 0 3 1 0
727 8 0 0 0 0 0 4 0 0
728 4 0 0 0 0 0 4 4 3
730 5 0 0 0 0 0 4 0 0
731 8 1 1 3 1 0 4 2 1
732 7 1 1 0 0 0 0 0 0
735 6 0 0 3 2 2 0 0 0
736 24 0 0 8 0 0 4 0 0
739 30 1 1 3 0 0 5 0 0
745 1 0 0 0 0 0 1 1 1
746 1 1 1 0 0 0 1 0 0
750 1 0 0 1 0 0 0 0 0
751 2 0 0 0 0 0 0 0 0
753 4 0 0 1 0 0 0 0 0
755 3 0 0 1 0 0 0 0 0
772 2 0 0 0 0 0 1 1 0
774 3 1 1 1 1 0 0 0 0
788 2 1 1 0 0 0 1 0 0
793 5 1 1 2 0 0 0 0 0
795 12 2 2 0 0 0 2 0 0
799 2 0 0 0 0 0 0 0 0
800 61 1 1 15 0 0 0 0 0
801 56 0 0 0 0 0 0 0 0
804 1 0 0 0 0 0 1 0 0
805 1 0 0 0 0 0 1 0 0
806 2 0 0 0 0 0 0 0 0
812 7 0 0 0 0 0 1 0 0
815 3 0 0 2 0 0 0 0 0
821 1 0 0 0 0 0 1 0 0
825 8 0 0 7 0 0 0 0 0
fn=_dl_map_object
656 9 1 1 3 0 0 0 0 0
665 3 1 1 2 0 0 0 0 0
2151 27 2 2 0 0 0 24 6 4
2153 2 0 0 0 0 0 2 2 0
2159 6 0 0 0 0 0 0 0 0
2160 12 0 0 3 1 1 0 0 0
2163 42 1 1 9 0 0 0 0 0
2168 49 0 0 7 0 0 0 0 0
2170 35 1 1 0 0 0 7 0 0
2174 12 0 0 6 0 0 0 0 0
2175 18 0 0 6 0 0 0 0 0
2178 2 0 0 2 0 0 0 0 0
2179 4 0 0 4 0 0 0 0 0
2180 8 0 0 0 0 0 2 0 0
2196 6 1 1 2 0 0 0 0 0
2206 6 0 0 2 0 0 0 0 0
2240 2 0 0 0 0 0 2 2 2
2242 11 2 2 1 0 0 2 0 0
2246 4 0 0 0 0 0 2 0 0
2248 2 0 0 0 0 0 0 0 0
2255 4 0 0 1 0 0 0 0 0
2259 4 2 2 1 0 0 1 0 0
2260 2 0 0 0 0 0 1 1 0
2264 3 0 0 1 0 0 0 0 0
2267 7 0 0 0 0 0 3 0 0
2279 3 0 0 0 0 0 0 0 0
2280 7 1 1 1 0 0 1 0 0
2290 2 1 1 1 0 0 0 0 0
2291 15 2 2 1 0 0 4 0 0
2297 5 0 0 0 0 0 0 0 0
2306 1 0 0 0 0 0 1 0 0
2320 2 1 1 0 0 0 0 0 0
2322 3 0 0 1 0 0 0 0 0
2326 3 0 0 0 0 0 1 0 0
2328 2 0 0 0 0 0 0 0 0
2332 2 1 1 0 0 0 0 0 0
2340 3 0 0 1 0 0 0 0 0
2363 11 0 0 0 0 0 3 0 0
2367 5 1 1 3 0 0 0 0 0
2368 2 0 0 0 0 0 1 0 0
2385 2 1 1 1 0 0 0 0 0
2391 1 0 0 0 0 0 1 0 0
2393 6 0 0 0 0 0 1 0 0
2394 5 0 0 0 0 0 1 0 0
2398 10 1 1 0 0 0 2 0 0
2401 5 0 0 3 0 0 0 0 0
2413 7 1 1 0 0 0 0 0 0
2415 2 0 0 0 0 0 0 0 0
2459 4 0 0 2 0 0 2 0 0
2460 30 1 1 6 0 0 10 0 0
2462 27 1 1 21 0 0 0 0 0
fn=_dl_map_object_from_fd
424 2 1 1 1 0 0 0 0 0
863 30 1 1 0 0 0 22 3 2
873 8 1 1 2 0 0 4 1 1
874 2 0 0 0 0 0 2 0 0
889 29 0 0 9 0 0 0 0 0
890 10 1 1 5 0 0 0 0 0
907 4 1 1 2 0 0 0 0 0
931 8 0 0 2 0 0 2 0 0
941 4 1 1 2 0 0 0 0 0
963 8 0 0 4 0 0 0 0 0
995 4 0 0 0 0 0 0 0 0
998 16 1 1 10 0 0 2 0 0
999 4 0 0 0 0 0 0 0 0
1010 6 0 0 4 0 0 2 2 2
1011 8 0 0 4 0 0 4 0 0
1012 4 0 0 2 0 0 2 0 0
1014 6 1 1 0 0 0 0 0 0
1015 8 0 0 4 0 0 0 0 0
1016 2 0 0 0 0 0 0 0 0
1031 6 0 0 0 0 0 4 1 0
1033 2 0 0 0 0 0 2 0 0
1035 20 1 1 2 0 0 2 0 0
1036 2 0 0 0 0 0 0 0 0
1037 2 1 1 0 0 0 2 0 0
1043 112 0 0 0 0 0 0 0 0
1044 127 2 2 17 2 1 0 0 0
1050 4 0 0 2 2 0 0 0 0
1055 4 0 0 2 0 0 2 0 0
1056 8 0 0 2 0 0 2 0 0
1061 2 1 1 1 0 0 1 0 0
1062 1 0 0 0 0 0 0 0 0
1067 20 2 2 8 1 0 0 0 0
1072 32 0 0 8 2 0 0 0 0
1080 16 0 0 0 0 0 0 0 0
1081 16 1 1 0 0 0 4 3 2
1082 20 0 0 4 0 0 4 0 0
1083 4 0 0 0 0 0 4 2 2
1084 8 0 0 4 0 0 4 0 0
1085 8 0 0 0 0 0 4 2 1
1089 8 0 0 0 0 0 0 0 0
1090 12 0 0 6 0 0 2 0 0
1094 8 0 0 0 0 0 0 0 0
1095 28 1 1 4 0 0 4 0 0
1105 4 0 0 0 0 0 0 0 0
1108 3 0 0 1 1 1 0 0 0
1112 1 0 0 0 0 0 1 1 1
1113 3 0 0 2 1 0 1 0 0
1114 2 0 0 0 0 0 0 0 0
1115 1 0 0 0 0 0 0 0 0
1117 3 1 1 0 0 0 1 0 0
1118 2 0 0 1 0 0 1 0 0
1121 1 0 0 0 0 0 1 1 0
1125 4 0 0 1 0 0 0 0 0
1131 3 0 0 1 0 0 2 1 0
1132 1 0 0 0 0 0 0 0 0
1140 10 0 0 2 0 0 2 0 0
1147 4 1 1 2 0 0 2 0 0
1148 2 1 1 0 0 0 0 0 0
1151 4 0 0 2 1 0 2 1 1
1152 4 0 0 2 0 0 2 0 0
1153 2 0 0 0 0 0 0 0 0
1156 8 0 0 2 0 0 0 0 0
1165 4 0 0 0 0 0 0 0 0
1175 18 1 1 6 0 0 4 0 0
1187 8 1 1 4 0 0 0 0 0
1196 6 1 1 2 0 0 2 0 0
1203 4 1 1 0 0 0 0 0 0
1218 6 0 0 2 0 0 0 0 0
1237 4 0 0 2 0 0 2 0 0
1239 10 1 1 4 0 0 0 0 0
1293 6 0 0 2 1 1 0 0 0
1294 2 0 0 1 0 0 1 0 0
1297 8 0 0 2 0 0 2 0 0
1306 4 0 0 2 0 0 0 0 0
1308 8 1 1 4 0 0 2 0 0
1310 4 0 0 2 0 0 0 0 0
1326 4 0 0 0 0 0 2 0 0
1330 4 0 0 2 0 0 0 0 0
1331 4 0 0 2 2 0 0 0 0
1348 4 1 1 2 0 0 0 0 0
1349 1 0 0 0 0 0 1 0 0
1352 6 0 0 2 0 0 4 2 0
1357 4 0 0 2 0 0 0 0 0
1367 4 0 0 2 0 0 0 0 0
1377 6 1 1 2 0 0 2 0 0
1381 6 0 0 2 0 0 0 0 0
1401 18 0 0 14 0 0 0 0 0
fn=expand_dynamic_string_token
233 6 1 1 0 0 0 2 1 1
236 4 0 0 0 0 0 0 0 0
375 18 1 1 0 0 0 12 1 0
389 4 0 0 0 0 0 0 0 0
400 14 0 0 12 0 0 0 0 0
fn=fillin_rpath
444 16 2 2 0 0 0 12 0 0
446 1 0 0 0 0 0 0 0 0
448 12 0 0 4 0 0 2 0 0
455 2 1 1 1 0 0 0 0 0
457 4 0 0 1 0 0 1 0 0
461 2 0 0 0 0 0 0 0 0
466 2 0 0 0 0 0 1 0 0
467 2 0 0 0 0 0 0 0 0
474 7 2 2 1 0 0 0 0 0
479 4 0 0 0 0 0 2 0 0
483 17 1 1 5 0 0 0 0 0
484 8 0 0 4 0 0 0 0 0
502 4 3 3 1 0 0 1 0 0
505 1 1 1 0 0 0 1 0 0
506 7 0 0 2 0 0 2 0 0
508 3 0 0 1 0 0 0 0 0
512 2 0 0 0 0 0 2 1 1
513 1 0 0 0 0 0 0 0 0
514 4 0 0 0 0 0 2 0 0
515 2 0 0 1 0 0 1 1 0
517 2 0 0 1 0 0 0 0 0
523 4 1 1 1 0 0 0 0 0
524 40 2 2 1 0 0 1 0 0
525 12 1 1 0 0 0 5 0 0
527 2 0 0 1 0 0 1 0 0
528 3 1 1 1 0 0 0 0 0
533 2 1 1 0 0 0 1 0 0
535 1 0 0 0 0 0 1 0 0
536 1 0 0 0 0 0 1 0 0
539 3 0 0 0 0 0 1 0 0
541 3 0 0 1 0 0 1 0 0
545 1 0 0 0 0 0 1 0 0
548 9 0 0 7 0 0 0 0 0
fn=open_path
2003 8 1 1 0 0 0 6 2 1
2004 2 1 1 1 0 0 1 1 1
2007 1 0 0 0 0 0 1 0 0
2008 1 0 0 0 0 0 1 0 0
2010 2 0 0 0 0 0 0 0 0
2015 18 1 1 3 0 0 7 3 2
2018 3 1 1 2 0 0 0 0 0
2022 3 0 0 0 0 0 0 0 0
2027 4 0 0 0 0 0 1 0 0
2034 5 1 1 2 0 0 2 1 1
2035 35 0 0 0 0 0 0 0 0
2038 16 1 1 8 0 0 0 0 0
2042 80 0 0 48 0 0 16 0 0
2045 16 1 1 0 0 0 8 0 0
2048 24 0 0 8 0 0 0 0 0
2051 80 0 0 40 0 0 16 0 0
2053 40 1 1 24 0 0 0 0 0
2055 16 0 0 0 0 0 0 0 0
2060 16 1 1 8 0 0 0 0 0
2061 64 1 1 32 0 0 0 0 0
2067 62 1 1 26 0 0 9 0 0
2069 48 0 0 8 0 0 8 0 0
2070 2 0 0 1 1 0 0 0 0
2072 23 1 1 0 0 0 8 0 0
2089 2 0 0 0 0 0 1 0 0
2117 2 0 0 0 0 0 0 0 0
2120 7 2 2 1 0 0 0 0 0
2125 1 0 0 1 0 0 0 0 0
2127 4 0 0 3 0 0 0 0 0
2130 3 0 0 1 0 0 0 0 0
2144 9 2 2 7 0 0 0 0 0
fn=open_verify.constprop.7
1653 140 2 2 10 0 0 80 3 2
1692 48 0 0 10 0 0 0 0 0
1705 8 0 0 0 0 0 0 0 0
1723 40 0 0 0 0 0 10 2 0
1725 22 1 1 0 0 0 0 0 0
1730 8 0 0 0 0 0 0 0 0
1736 2 0 0 0 0 0 2 1 0
1737 6 0 0 0 0 0 4 2 2
1742 14 0 0 2 0 0 2 0 0
1744 4 0 0 0 0 0 0 0 0
1746 4 1 1 2 0 0 2 0 0
1748 4 0 0 0 0 0 0 0 0
1754 4 0 0 0 0 0 0 0 0
1770 34 3 3 19 2 2 0 0 0
1844 4 0 0 2 0 0 0 0 0
1849 4 1 1 2 0 0 0 0 0
1851 8 0 0 2 0 0 0 0 0
1857 4 0 0 0 0 0 0 0 0
1868 4 0 0 2 2 0 0 0 0
1874 8 0 0 2 2 2 0 0 0
1875 8 1 1 2 0 0 0 0 0
1876 4 0 0 2 0 0 0 0 0
1896 80 0 0 0 0 0 0 0 0
1898 38 1 1 17 13 10 0 0 0
1911 6 0 0 0 0 0 0 0 0
1914 8 1 1 4 0 0 0 0 0
1915 6 1 1 2 0 0 0 0 0
1939 18 1 1 12 4 3 0 0 0
1941 2 0 0 0 0 0 0 0 0
1942 24 2 2 4 0 0 0 0 0
1945 6 0 0 0 0 0 0 0 0
1950 1 0 0 0 0 0 0 0 0
1951 4 0 0 1 0 0 0 0 0
1954 2 0 0 0 0 0 0 0 0
1957 2 0 0 1 0 0 0 0 0
1958 4 1 1 1 0 0 0 0 0
1959 1 0 0 1 0 0 0 0 0
1960 3 0 0 1 0 0 0 0 0
1961 3 0 0 1 0 0 0 0 0
1985 6 1 1 0 0 0 2 0 0
1989 90 1 1 70 0 0 0 0 0
fl=/build/glibc-uZu3wS/glibc-2.27/elf/dl-lookup.c
fn=_dl_lookup_symbol_x
554 190 0 0 0 0 0 0 0 0
555 5771 1 1 1419 110 78 0 0 0
556 5296 0 0 0 0 0 0 0 0
790 1330 2 2 95 0 0 855 9 0
792 190 0 0 0 0 0 95 3 1
793 190 0 0 0 0 0 95 1 0
796 95 0 0 95 2 0 0 0 0
800 457 0 0 181 0 0 0 0 0
804 1045 1 1 190 0 0 380 0 0
805 285 1 1 95 4 0 0 0 0
811 333 0 0 111 1 0 0 0 0
813 1235 1 1 475 0 0 665 6 0
816 459 0 0 87 0 0 0 0 0
819 32 0 0 0 0 0 0 0 0
841 190 0 0 95 0 0 0 0 0
843 48 1 1 8 0 0 0 0 0
860 8 1 1 0 0 0 8 0 0
861 16 1 1 0 0 0 0 0 0
865 609 1 1 174 0 0 0 0 0
896 87 0 0 0 0 0 0 0 0
905 348 0 0 87 0 0 0 0 0
919 261 0 0 87 3 0 0 0 0
920 2 1 1 0 0 0 1 0 0
922 348 1 1 174 0 0 0 0 0
927 87 0 0 0 0 0 87 0 0
929 871 0 0 665 0 0 0 0 0
fn=_dl_setup_hash
939 12 1 1 4 0 0 0 0 0
943 4 0 0 4 0 0 0 0 0
947 8 0 0 4 4 4 4 2 1
948 4 0 0 4 0 0 0 0 0
949 4 0 0 4 2 1 0 0 0
951 12 0 0 0 0 0 0 0 0
952 4 0 0 0 0 0 4 3 0
953 12 0 0 4 0 0 4 0 0
955 4 1 1 0 0 0 4 0 0
956 8 0 0 0 0 0 0 0 0
958 4 0 0 0 0 0 4 0 0
960 12 0 0 0 0 0 4 0 0
961 4 0 0 4 0 0 0 0 0
fn=do_lookup_x
78 609 1 1 261 25 11 0 0 0
90 1079 0 0 0 0 0 455 1 0
93 358 0 0 179 0 0 46 0 0
97 87 0 0 87 3 0 0 0 0
98 174 1 1 87 0 0 0 0 0
100 172 0 0 0 0 0 0 0 0
119 86 0 0 86 14 8 0 0 0
120 774 1 1 344 3 0 0 0 0
121 860 2 2 344 0 0 258 0 0
148 2 1 1 0 0 0 0 0 0
150 5 0 0 2 0 0 0 0 0
180 35 1 1 20 0 0 0 0 0
294 213 0 0 0 0 0 0 0 0
338 1235 2 2 95 0 0 1045 17 1
339 95 0 0 95 2 0 0 0 0
344 190 0 0 95 0 0 0 0 0
345 95 0 0 95 0 0 0 0 0
349 600 1 1 600 11 0 0 0 0
352 600 0 0 300 0 0 0 0 0
356 1170 0 0 95 0 0 95 0 0
360 600 1 1 300 7 0 0 0 0
364 600 0 0 300 2 0 0 0 0
370 900 0 0 300 6 0 0 0 0
374 92 0 0 0 0 0 92 0 0
375 92 1 1 0 0 0 92 0 0
378 600 0 0 600 14 0 0 0 0
379 900 1 1 600 7 0 300 0 0
382 300 0 0 300 6 0 0 0 0
383 600 0 0 0 0 0 0 0 0
385 300 0 0 300 59 32 0 0 0
386 190 1 1 0 0 0 95 0 0
387 600 0 0 600 0 0 0 0 0
390 1500 0 0 600 0 0 0 0 0
393 2100 1 1 0 0 0 0 0 0
396 184 0 0 184 59 47 0 0 0
397 276 1 1 0 0 0 0 0 0
398 184 0 0 0 0 0 0 0 0
400 276 0 0 92 0 0 92 0 0
403 930 1 1 372 73 62 0 0 0
405 348 0 0 87 0 0 0 0 0
406 261 0 0 87 18 15 0 0 0
407 174 0 0 0 0 0 0 0 0
413 297 0 0 0 0 0 0 0 0
421 190 0 0 0 0 0 0 0 0
446 10 1 1 5 0 0 0 0 0
452 870 1 1 435 0 0 0 0 0
503 174 0 0 0 0 0 0 0 0
506 652 1 1 87 0 0 0 0 0
510 33 0 0 11 1 0 0 0 0
522 522 2 2 261 0 0 261 0 0
524 87 0 0 0 0 0 0 0 0
540 1500 0 0 571 0 0 0 0 0
541 238 0 0 34 0 0 68 2 0
544 639 0 0 0 0 0 0 0 0
547 16 0 0 0 0 0 0 0 0
548 760 0 0 665 0 0 0 0 0
fl=/build/glibc-uZu3wS/glibc-2.27/elf/dl-minimal.c
fn=calloc
92 8 1 1 0 0 0 0 0 0
96 8 0 0 0 0 0 0 0 0
99 16 0 0 0 0 0 0 0 0
100 24 0 0 0 0 0 0 0 0
103 8 0 0 0 0 0 0 0 0
fn=free
111 12 1 1 6 0 0 0 0 0
fn=malloc
49 3 0 0 0 0 0 2 0 0
50 87 1 1 43 0 0 0 0 0
55 3 0 0 0 0 0 1 0 0
56 2 2 2 1 0 0 0 0 0
57 2 0 0 0 0 0 0 0 0
61 66 0 0 0 0 0 22 0 0
64 150 1 1 0 0 0 0 0 0
69 4 0 0 1 0 0 0 0 0
70 2 0 0 0 0 0 0 0 0
72 1 0 0 0 0 0 0 0 0
73 8 1 1 0 0 0 1 0 0
75 2 0 0 0 0 0 0 0 0
77 3 0 0 1 0 0 0 0 0
79 3 0 0 0 0 0 1 0 0
82 22 0 0 0 0 0 22 0 0
83 22 0 0 0 0 0 22 0 0
85 47 0 0 24 0 0 0 0 0
fn=strsep
265 4 1 1 2 0 0 0 0 0
267 2 0 0 2 0 0 0 0 0
268 4 0 0 0 0 0 0 0 0
272 77 0 0 15 0 0 0 0 0
277 56 1 1 28 0 0 0 0 0
279 84 0 0 28 0 0 0 0 0
287 14 0 0 0 0 0 0 0 0
290 1 0 0 0 0 0 1 0 0
294 2 0 0 2 0 0 0 0 0
fl=/build/glibc-uZu3wS/glibc-2.27/elf/dl-misc.c
fn=_dl_name_match_p
282 240 1 1 0 0 0 96 3 2
283 192 0 0 48 4 0 48 2 0
284 51 1 1 0 0 0 0 0 0
286 48 1 1 48 4 0 0 0 0
288 194 0 0 0 0 0 0 0 0
289 260 0 0 52 6 0 52 0 0
292 49 0 0 49 0 0 0 0 0
294 45 0 0 0 0 0 0 0 0
295 240 0 0 144 0 0 0 0 0
fn=_dl_sysdep_read_whole_file
44 8 1 1 0 0 0 4 1 0
47 3 0 0 0 0 0 1 0 0
48 2 0 0 0 0 0 0 0 0
50 7 1 1 0 0 0 1 0 0
52 2 0 0 1 0 0 1 0 0
55 2 0 0 0 0 0 0 0 0
57 8 1 1 0 0 0 1 0 0
68 2 0 0 0 0 0 1 0 0
71 7 0 0 5 0 0 0 0 0
fl=/build/glibc-uZu3wS/glibc-2.27/elf/dl-object.c
fn=_dl_add_to_namespace_list
31 15 2 2 0 0 0 9 0 0
33 9 0 0 3 0 0 3 0 0
35 22 0 0 3 0 0 0 0 0
38 15 0 0 5 0 0 0 0 0
40 2 0 0 0 0 0 2 0 0
42 2 0 0 0 0 0 2 0 0
45 2 1 1 0 0 0 1 0 0
46 9 0 0 3 0 0 0 0 0
47 6 0 0 3 1 0 3 1 0
48 6 0 0 0 0 0 3 0 0
50 6 0 0 3 0 0 0 0 0
51 9 0 0 9 0 0 0 0 0
fn=_dl_new_object
59 39 1 1 0 0 0 24 5 3
60 18 0 0 0 0 0 9 2 1
66 18 1 1 3 0 0 0 0 0
68 6 0 0 0 0 0 0 0 0
73 15 0 0 0 0 0 6 0 0
76 6 0 0 0 0 0 0 0 0
79 3 0 0 0 0 0 3 3 2
80 9 1 1 3 0 0 3 3 3
84 6 0 0 0 0 0 3 2 1
85 24 1 1 9 0 0 9 3 2
87 3 0 0 0 0 0 3 0 0
95 18 0 0 6 0 0 3 2 1
96 15 0 0 3 3 3 3 0 0
99 6 1 1 3 0 0 0 0 0
100 8 2 2 2 0 0 3 3 3
101 3 0 0 0 0 0 3 2 1
105 3 0 0 0 0 0 3 0 0
108 43 0 0 0 0 0 0 0 0
110 32 0 0 0 0 0 16 8 4
120 6 0 0 0 0 0 3 1 1
121 3 0 0 0 0 0 3 3 3
124 1 1 1 0 0 0 0 0 0
126 18 1 1 3 1 0 0 0 0
128 6 0 0 0 0 0 2 2 1
131 8 0 0 0 0 0 0 0 0
135 6 0 0 2 0 0 0 0 0
139 11 1 1 0 0 0 0 0 0
147 1 0 0 0 0 0 1 1 0
150 6 1 1 0 0 0 3 0 0
153 9 0 0 0 0 0 3 0 0
155 8 0 0 2 0 0 4 0 0
159 8 0 0 2 0 0 0 0 0
163 8 1 1 0 0 0 2 0 0
164 4 0 0 0 0 0 0 0 0
172 2 0 0 0 0 0 0 0 0
176 2 0 0 0 0 0 0 0 0
209 48 1 1 2 0 0 2 0 0
214 42 0 0 0 0 0 0 0 0
215 88 0 0 42 0 0 0 0 0
220 4 0 0 0 0 0 2 0 0
223 2 0 0 0 0 0 2 2 0
227 27 0 0 21 0 0 0 0 0
fl=/build/glibc-uZu3wS/glibc-2.27/elf/dl-open.c
fn=_dl_find_dso_for_object
176 5 1 1 0 0 0 4 1 0
180 6 1 1 1 0 0 0 0 0
181 10 1 1 3 0 0 0 0 0
182 12 0 0 6 2 0 0 0 0
183 2 0 0 1 0 0 0 0 0
186 2 0 0 1 0 0 0 0 0
190 7 1 1 5 0 0 0 0 0
fl=/build/glibc-uZu3wS/glibc-2.27/elf/dl-reloc.c
fn=_dl_relocate_object
148 48 1 1 0 0 0 32 0 0
155 4 0 0 0 0 0 4 0 0
158 6 0 0 0 0 0 0 0 0
159 12 0 0 0 0 0 8 0 0
163 8 0 0 0 0 0 0 0 0
164 20 1 1 4 1 0 4 0 0
170 12 0 0 8 0 0 0 0 0
176 16 0 0 4 0 0 0 0 0
177 8 0 0 4 3 0 0 0 0
180 9 2 2 0 0 0 0 0 0
187 8 0 0 4 0 0 0 0 0
231 12 0 0 8 0 0 4 0 0
258 190 3 3 80 18 0 42 0 0
261 16 0 0 4 0 0 0 0 0
285 4 0 0 4 0 0 0 0 0
288 8 0 0 4 0 0 0 0 0
305 12 1 1 4 3 0 0 0 0
307 32 0 0 28 2 0 0 0 0
313 24 0 0 12 0 0 0 0 0
316 8 0 0 0 0 0 0 0 0
320 8 0 0 0 0 0 0 0 0
321 20 1 1 0 0 0 4 0 0
fl=/build/glibc-uZu3wS/glibc-2.27/elf/dl-sort-maps.c
fn=_dl_sort_maps
28 18 1 1 0 0 0 14 1 0
30 4 0 0 0 0 0 0 0 0
33 2 0 0 0 0 0 0 0 0
34 20 2 1 0 0 0 6 1 0
35 42 2 1 2 0 0 12 1 0
39 24 0 0 6 0 0 12 0 0
40 18 0 0 12 0 0 0 0 0
42 12 0 0 6 0 0 0 0 0
46 12 1 0 6 0 0 0 0 0
54 48 1 1 22 0 0 0 0 0
56 18 0 0 12 2 0 0 0 0
57 14 0 0 0 0 0 0 0 0
59 18 2 1 6 1 0 0 0 0
60 12 0 0 0 0 0 0 0 0
90 33 4 3 9 0 0 0 0 0
115 30 1 1 10 0 0 0 0 0
118 40 2 1 8 0 0 4 0 0
122 26 3 1 14 0 0 4 0 0
fl=/build/glibc-uZu3wS/glibc-2.27/elf/dl-tunables.c
fn=__GI___tunables_init
68 405 0 0 81 0 0 0 0 0
71 80 0 0 0 0 0 0 0 0
74 6983 1 1 1009 66 34 0 0 0
78 160 0 0 0 0 0 0 0 0
83 160 0 0 0 0 0 0 0 0
150 4 1 1 0 0 0 2 1 1
280 3 0 0 1 0 0 0 0 0
289 8 1 1 0 0 0 6 1 0
297 160 1 1 0 0 0 0 0 0
312 7120 2 2 0 0 0 0 0 0
318 8800 0 0 3520 7 0 0 0 0
330 320 1 1 80 0 0 0 0 0
364 8 0 0 7 0 0 0 0 0
fn=__tunable_get_val
373 168 2 1 17 11 0 0 0 0
377 31 1 1 17 9 0 14 0 0
382 3 0 0 0 0 0 3 0 0
383 3 0 0 0 0 0 0 0 0
399 85 1 0 17 1 0 0 0 0
401 17 0 0 17 0 0 0 0 0
fl=/build/glibc-uZu3wS/glibc-2.27/elf/dl-tunables.h
fn=__GI___tunables_init
120 3210 0 0 1542 11 8 0 0 0
121 3269 0 0 0 0 0 0 0 0
fl=/build/glibc-uZu3wS/glibc-2.27/elf/dl-version.c
fn=_dl_check_all_versions
362 8 2 2 0 0 0 4 0 0
364 1 0 0 0 0 0 0 0 0
366 15 1 1 4 0 0 0 0 0
368 40 0 0 4 0 0 4 0 0
371 7 0 0 5 0 0 0 0 0
fn=_dl_check_map_versions
37 24 1 1 4 0 0 0 0 0
38 5 0 0 5 0 0 0 0 0
39 35 1 1 0 0 0 7 0 0
57 9 0 0 6 0 0 3 0 0
65 9 0 0 3 0 0 0 0 0
71 9 0 0 3 0 0 0 0 0
87 3 0 0 3 0 0 0 0 0
88 6 1 1 0 0 0 0 0 0
90 3 0 0 3 0 0 0 0 0
95 32 0 0 10 2 2 3 0 0
109 20 0 0 10 3 0 0 0 0
111 3 1 1 3 0 0 0 0 0
114 28 0 0 11 1 0 5 0 0
121 21 0 0 7 2 2 0 0 0
125 7 0 0 0 0 0 0 0 0
143 12 0 0 2 0 0 6 0 0
156 28 2 2 0 0 0 24 0 0
157 6 0 0 0 0 0 4 0 0
165 4 1 1 0 0 0 4 0 0
171 12 0 0 4 0 0 0 0 0
173 20 0 0 4 0 0 12 0 0
175 8 0 0 4 1 0 4 0 0
176 8 0 0 4 0 0 4 0 0
178 8 1 1 0 0 0 0 0 0
181 8 0 0 4 0 0 2 0 0
185 6 0 0 2 2 2 0 0 0
201 4 0 0 4 0 0 0 0 0
209 6 0 0 2 0 0 0 0 0
214 6 0 0 4 0 0 0 0 0
218 32 1 1 23 0 0 3 0 0
220 3 0 0 3 1 0 0 0 0
222 7 1 1 3 1 0 3 0 0
225 12 1 1 3 0 0 0 0 0
228 9 0 0 3 0 0 0 0 0
233 1 0 0 0 0 0 0 0 0
237 8 1 1 4 0 0 0 0 0
251 11 2 2 4 0 0 0 0 0
254 8 0 0 8 0 0 0 0 0
257 140 0 0 34 20 10 2 0 0
260 106 0 0 34 10 5 2 0 0
264 32 0 0 0 0 0 0 0 0
268 9 2 2 3 0 0 0 0 0
273 3 0 0 0 0 0 3 1 0
274 12 1 1 0 0 0 3 0 0
275 6 0 0 0 0 0 0 0 0
285 3 0 0 0 0 0 3 0 0
288 9 0 0 6 0 0 3 0 0
290 9 1 1 3 0 0 0 0 0
293 8 0 0 6 0 0 0 0 0
297 6 0 0 2 0 0 0 0 0
300 9 0 0 3 0 0 0 0 0
302 9 1 1 0 0 0 0 0 0
304 15 0 0 3 0 0 3 0 0
305 9 0 0 0 0 0 3 2 2
306 9 0 0 3 0 0 3 1 0
307 9 0 0 3 0 0 3 1 0
310 9 1 1 3 0 0 0 0 0
315 1 0 0 0 0 0 0 0 0
318 6 0 0 2 0 0 0 0 0
328 9 0 0 3 0 0 0 0 0
331 8 0 0 6 0 0 0 0 0
335 32 0 0 32 0 0 0 0 0
337 68 0 0 34 0 0 0 0 0
341 32 0 0 32 0 0 0 0 0
342 160 0 0 32 0 0 32 16 10
343 96 0 0 32 0 0 32 0 0
344 32 0 0 0 0 0 32 8 3
347 102 0 0 34 0 0 0 0 0
351 32 0 0 0 0 0 0 0 0
357 36 0 0 32 0 0 0 0 0
fl=/build/glibc-uZu3wS/glibc-2.27/elf/do-rel.h
fn=_dl_relocate_object
47 24 1 1 8 0 0 8 0 0
48 8 0 0 8 0 0 0 0 0
50 11 0 0 0 0 0 3 1 0
51 6 0 0 0 0 0 4 1 0
58 24 0 0 8 1 0 0 0 0
61 145 1 1 0 0 0 0 0 0
63 188 1 1 47 34 17 0 0 0
65 119 1 1 0 0 0 0 0 0
74 4 0 0 0 0 0 0 0 0
75 142 2 2 17 0 0 0 0 0
76 78 0 0 39 0 0 0 0 0
83 12 0 0 6 0 0 6 0 0
84 6 0 0 6 0 0 0 0 0
86 24 1 1 12 0 0 0 0 0
98 18 0 0 0 0 0 0 0 0
108 8 0 0 0 0 0 0 0 0
111 3741 1 1 0 0 0 0 0 0
112 2488 0 0 1244 0 0 0 0 0
118 18 0 0 6 4 0 0 0 0
121 10 1 1 5 2 0 5 1 0
124 334 0 0 113 1 0 0 0 0
127 432 1 1 108 54 25 0 0 0
136 432 0 0 216 52 40 0 0 0
137 432 1 1 108 0 0 108 1 0
138 372 0 0 108 1 0 0 0 0
139 324 0 0 216 0 0 108 0 0
143 15 1 1 6 0 0 0 0 0
160 22 1 1 8 0 0 2 0 0
162 20 0 0 5 2 1 0 0 0
170 30 0 0 5 0 0 5 0 0
171 15 1 1 10 0 0 5 0 0
174 2 1 1 0 0 0 0 0 0
fn=_dl_start
83 1 0 0 1 0 0 0 0 0
84 1 0 0 1 0 0 0 0 0
111 120 0 0 0 0 0 0 0 0
112 78 0 0 39 10 5 0 0 0
116 2 0 0 1 0 0 0 0 0
124 31 0 0 0 0 0 0 0 0
136 27 1 1 9 4 2 0 0 0
137 18 0 0 0 0 0 0 0 0
139 18 0 0 9 0 0 0 0 0
fl=/build/glibc-uZu3wS/glibc-2.27/elf/get-dynamic-info.h
fn=_dl_map_object_from_fd
42 4 0 0 0 0 0 0 0 0
46 2 0 0 0 0 0 0 0 0
48 141 0 0 47 24 13 0 0 0
50 90 0 0 0 0 0 0 0 0
63 42 0 0 0 0 0 0 0 0
64 71 1 1 0 0 0 43 18 11
65 8 1 1 0 0 0 0 0 0
67 2 0 0 0 0 0 0 0 0
68 10 2 2 0 0 0 0 0 0
70 2 0 0 0 0 0 0 0 0
71 10 0 0 0 0 0 0 0 0
72 2 0 0 0 0 0 0 0 0
73 8 0 0 0 0 0 2 1 0
74 45 0 0 0 0 0 0 0 0
81 4 1 1 0 0 0 0 0 0
101 7 0 0 3 0 0 0 0 0
102 8 0 0 4 0 0 0 0 0
103 8 1 1 4 0 0 0 0 0
104 8 0 0 4 0 0 0 0 0
106 8 0 0 4 0 0 0 0 0
111 8 0 0 4 0 0 0 0 0
112 7 1 1 3 1 1 0 0 0
113 8 0 0 4 0 0 0 0 0
119 6 0 0 2 0 0 0 0 0
124 4 0 0 2 0 0 0 0 0
131 4 0 0 2 0 0 0 0 0
132 6 1 1 4 0 0 0 0 0
150 6 0 0 2 1 1 0 0 0
155 2 0 0 1 0 0 1 0 0
157 2 0 0 0 0 0 0 0 0
159 2 0 0 0 0 0 0 0 0
161 2 0 0 0 0 0 0 0 0
164 6 1 1 2 0 0 0 0 0
166 4 0 0 1 0 0 1 1 0
174 2 0 0 1 0 0 0 0 0
179 2 0 0 0 0 0 0 0 0
182 4 0 0 2 0 0 0 0 0
fn=_dl_start
48 57 1 1 19 10 6 0 0 0
50 36 1 1 0 0 0 0 0 0
63 21 0 0 0 0 0 0 0 0
64 29 0 0 0 0 0 17 9 5
65 4 0 0 0 0 0 0 0 0
67 3 0 0 0 0 0 0 0 0
68 5 1 1 0 0 0 0 0 0
70 2 0 0 0 0 0 0 0 0
71 5 1 1 0 0 0 0 0 0
72 1 0 0 0 0 0 0 0 0
73 5 1 1 0 0 0 1 1 1
74 18 0 0 0 0 0 0 0 0
81 2 1 1 0 0 0 0 0 0
101 4 0 0 2 0 0 0 0 0
102 4 0 0 2 0 0 0 0 0
103 4 1 1 2 0 0 0 0 0
104 4 0 0 2 0 0 0 0 0
106 4 0 0 2 0 0 0 0 0
111 4 0 0 2 0 0 0 0 0
112 4 1 1 2 0 0 0 0 0
113 4 0 0 2 0 0 0 0 0
119 3 0 0 1 0 0 0 0 0
124 2 0 0 1 0 0 0 0 0
131 3 0 0 1 0 0 0 0 0
132 3 1 1 2 0 0 0 0 0
140 3 0 0 1 0 0 0 0 0
143 3 0 0 1 1 1 0 0 0
147 2 1 1 1 1 0 0 0 0
148 2 0 0 1 0 0 0 0 0
fn=dl_main
33 1 0 0 1 0 0 0 0 0
42 2 0 0 0 0 0 0 0 0
46 1 0 0 0 0 0 0 0 0
48 81 0 0 27 14 8 0 0 0
50 52 0 0 0 0 0 0 0 0
63 25 1 1 0 0 0 0 0 0
64 41 1 1 0 0 0 25 10 6
65 4 0 0 0 0 0 0 0 0
67 1 0 0 0 0 0 0 0 0
68 5 0 0 0 0 0 0 0 0
70 1 0 0 0 0 0 0 0 0
71 5 1 1 0 0 0 0 0 0
72 1 1 1 0 0 0 0 0 0
73 4 0 0 0 0 0 1 0 0
74 26 0 0 0 0 0 0 0 0
81 3 0 0 1 0 0 0 0 0
101 3 0 0 1 0 0 0 0 0
102 4 0 0 2 0 0 0 0 0
103 4 1 1 2 0 0 0 0 0
104 4 0 0 2 0 0 0 0 0
106 4 0 0 2 0 0 0 0 0
111 4 0 0 2 0 0 0 0 0
112 4 1 1 2 0 0 0 0 0
113 4 0 0 2 0 0 0 0 0
119 3 0 0 1 0 0 0 0 0
124 2 0 0 1 0 0 0 0 0
131 2 0 0 1 0 0 0 0 0
132 3 1 1 2 0 0 0 0 0
150 3 0 0 1 0 0 0 0 0
155 2 0 0 1 0 0 1 1 1
157 2 0 0 0 0 0 0 0 0
159 2 0 0 0 0 0 0 0 0
161 2 0 0 0 0 0 0 0 0
162 1 0 0 0 0 0 1 0 0
164 3 1 1 1 0 0 0 0 0
166 3 0 0 1 0 0 1 0 0
174 2 0 0 1 0 0 0 0 0
179 2 0 0 0 0 0 0 0 0
180 2 0 0 1 0 0 1 0 0
182 2 1 1 1 0 0 0 0 0
fl=/build/glibc-uZu3wS/glibc-2.27/elf/rtld.c
fn=_dl_start
393 2 0 0 0 0 0 1 1 1
394 2 0 0 0 0 0 1 0 0
395 2 0 0 0 0 0 1 1 0
396 2 0 0 0 0 0 1 0 0
397 2 0 0 0 0 0 1 1 1
405 5 1 1 0 0 0 1 1 0
408 1 0 0 0 0 0 1 0 0
414 4 1 0 0 0 0 1 0 0
423 4 0 0 0 0 0 0 0 0
426 2 0 0 1 1 0 1 1 0
430 2 1 0 1 0 0 0 0 0
444 9 1 1 0 0 0 6 2 1
463 5 0 0 0 0 0 1 1 1
486 1 0 0 0 0 0 1 1 1
489 1 0 0 0 0 0 1 1 1
500 2 0 0 0 0 0 0 0 0
505 27 3 3 9 0 0 0 0 0
507 1 1 1 1 1 1 0 0 0
532 9 0 0 7 2 0 0 0 0
fn=dl_main
799 1 0 0 1 0 0 0 0 0
801 1 1 1 0 0 0 1 0 0
810 1 0 0 0 0 0 1 0 0
812 1 0 0 0 0 0 1 0 0
817 1 0 0 0 0 0 1 0 0
870 12 2 2 0 0 0 7 1 1
876 1 1 1 0 0 0 0 0 0
879 1 0 0 0 0 0 0 0 0
885 1 0 0 0 0 0 1 0 0
887 2 0 0 0 0 0 1 1 1
891 2 0 0 0 0 0 1 1 1
892 2 0 0 0 0 0 1 0 0
897 2 1 1 0 0 0 1 0 0
907 3 1 1 1 0 0 0 0 0
1108 8 1 1 0 0 0 1 0 0
1110 2 0 0 0 0 0 0 0 0
1111 1 0 0 0 0 0 1 1 0
1112 2 1 1 1 0 0 1 0 0
1113 2 0 0 1 0 0 1 0 0
1117 3 0 0 0 0 0 1 0 0
1118 2 0 0 1 0 0 0 0 0
1139 1 1 1 0 0 0 1 1 0
1140 1 0 0 0 0 0 1 0 0
1142 1 0 0 0 0 0 1 0 0
1144 1 0 0 1 0 0 0 0 0
1147 33 0 0 1 0 0 0 0 0
1148 71 1 1 9 9 5 0 0 0
1152 3 1 1 1 0 0 1 0 0
1153 1 0 0 0 0 0 0 0 0
1157 3 0 0 2 0 0 1 0 0
1158 1 0 0 0 0 0 0 0 0
1166 2 0 0 0 0 0 1 1 1
1167 2 2 2 2 1 1 0 0 0
1169 1 0 0 0 0 0 1 1 0
1176 2 0 0 1 0 0 0 0 0
1188 1 0 0 0 0 0 0 0 0
1194 2 0 0 0 0 0 0 0 0
1202 4 0 0 2 0 0 0 0 0
1203 10 1 1 3 1 1 0 0 0
1204 4 1 1 2 0 0 0 0 0
1205 1 0 0 0 0 0 1 0 0
1208 4 0 0 2 1 1 0 0 0
1209 4 0 0 2 0 0 0 0 0
1210 2 0 0 0 0 0 2 0 0
1211 6 0 0 3 0 0 0 0 0
1212 2 1 1 0 0 0 1 0 0
1239 2 0 0 1 0 0 1 0 0
1240 1 0 0 0 0 0 0 0 0
1243 2 0 0 1 0 0 1 0 0
1244 2 0 0 1 1 0 1 0 0
1245 1 0 0 0 0 0 0 0 0
1250 3 1 1 1 1 1 0 0 0
1253 2 0 0 1 0 0 0 0 0
1255 2 1 1 1 0 0 0 0 0
1257 3 0 0 1 0 0 0 0 0
1270 3 0 0 1 0 0 0 0 0
1271 6 0 0 1 0 0 2 0 0
1273 3 1 1 3 0 0 0 0 0
1276 2 0 0 1 0 0 1 0 0
1278 1 0 0 0 0 0 1 1 0
1279 1 0 0 0 0 0 1 0 0
1281 2 1 1 1 0 0 0 0 0
1282 2 0 0 0 0 0 1 0 0
1286 2 0 0 1 0 0 0 0 0
1288 2 0 0 0 0 0 0 0 0
1293 2 0 0 0 0 0 1 0 0
1296 2 0 0 1 0 0 0 0 0
1312 5 1 1 0 0 0 2 1 0
1318 10 2 2 1 0 0 2 0 0
1323 2 1 1 1 0 0 1 0 0
1326 4 0 0 1 0 0 2 0 0
1328 1 0 0 0 0 0 1 0 0
1333 2 0 0 1 0 0 0 0 0
1336 3 0 0 2 0 0 1 0 0
1337 4 1 1 1 0 0 1 0 0
1338 2 0 0 1 0 0 1 0 0
1339 1 0 0 0 0 0 1 0 0
1340 1 0 0 1 0 0 0 0 0
1341 1 0 0 1 0 0 0 0 0
1346 2 0 0 1 0 0 0 0 0
1347 5 1 1 1 0 0 1 0 0
1364 2 0 0 1 1 1 0 0 0
1365 2 0 0 1 0 0 0 0 0
1367 3 1 1 1 0 0 0 0 0
1369 1 0 0 0 0 0 1 0 0
1370 3 0 0 1 0 0 1 1 0
1375 4 0 0 0 0 0 0 0 0
1376 5 0 0 1 1 1 0 0 0
1378 2 1 1 1 1 0 1 1 1
1379 2 0 0 1 0 0 1 0 0
1384 2 1 1 1 1 1 0 0 0
1389 1 0 0 0 0 0 1 0 0
1390 4 0 0 2 0 0 0 0 0
1391 2 1 1 0 0 0 0 0 0
1570 2 0 0 0 0 0 2 0 0
1578 3 0 0 1 0 0 0 0 0
1581 2 0 0 1 0 0 1 0 0
1585 3 0 0 1 0 0 0 0 0
1590 2 1 1 1 0 0 1 0 0
1591 1 0 0 0 0 0 1 0 0
1592 1 0 0 0 0 0 0 0 0
1596 2 0 0 1 0 0 0 0 0
1611 3 0 0 2 0 0 0 0 0
1612 1 0 0 0 0 0 0 0 0
1613 1 0 0 0 0 0 0 0 0
1615 3 0 0 1 0 0 0 0 0
1617 5 1 1 0 0 0 0 0 0
1618 3 0 0 0 0 0 1 0 0
1619 4 0 0 0 0 0 0 0 0
1621 2 0 0 1 0 0 0 0 0
1631 5 1 1 0 0 0 1 0 0
1708 4 0 0 2 0 0 0 0 0
1712 8 2 2 0 0 0 0 0 0
1713 1 0 0 0 0 0 0 0 0
1716 3 0 0 0 0 0 1 0 0
1717 1 0 0 1 0 0 0 0 0
1718 2 0 0 0 0 0 0 0 0
1719 2 0 0 0 0 0 0 0 0
1725 5 0 0 0 0 0 0 0 0
1726 8 1 1 1 0 0 1 0 0
1727 4 0 0 0 0 0 0 0 0
1729 2 0 0 1 0 0 0 0 0
1732 11 0 0 1 0 0 0 0 0
1733 16 1 1 9 0 0 0 0 0
1736 3 0 0 2 0 0 1 0 0
1737 3 0 0 1 0 0 0 0 0
1738 1 0 0 0 0 0 1 0 0
1740 12 0 0 0 0 0 0 0 0
1741 11 1 1 7 0 0 0 0 0
1751 2 1 1 0 0 0 1 0 0
1753 3 1 1 1 0 0 1 0 0
1754 2 0 0 1 0 0 0 0 0
1756 2 1 1 0 0 0 1 0 0
1758 3 0 0 0 0 0 0 0 0
1760 3 0 0 1 0 0 0 0 0
1774 4 0 0 3 0 0 0 0 0
1775 2 0 0 1 0 0 1 0 0
1776 3 0 0 1 0 0 0 0 0
1787 4 1 1 1 0 0 1 0 0
1788 1 0 0 0 0 0 1 1 0
1789 6 1 1 0 0 0 2 0 0
1799 2 0 0 1 0 0 1 0 0
1800 2 0 0 1 0 0 0 0 0
1801 2 0 0 0 0 0 2 0 0
1803 2 0 0 1 0 0 0 0 0
1808 2 0 0 1 0 0 0 0 0
2038 3 0 0 1 1 1 0 0 0
2094 2 1 1 0 0 0 1 0 0
2098 2 0 0 1 0 0 1 0 0
2104 2 1 1 1 0 0 1 0 0
2107 2 0 0 1 0 0 0 0 0
2161 3 1 1 1 0 0 0 0 0
2168 1 0 0 1 0 0 0 0 0
2170 5 0 0 0 0 0 0 0 0
2171 1 1 1 1 0 0 0 0 0
2172 18 0 0 0 0 0 0 0 0
2174 8 0 0 8 2 0 0 0 0
2179 8 0 0 8 0 0 0 0 0
2181 10 0 0 0 0 0 0 0 0
2183 1 1 1 0 0 0 1 0 0
2184 1 0 0 1 0 0 0 0 0
2187 4 0 0 4 0 0 0 0 0
2189 8 1 1 4 1 0 0 0 0
2190 24 0 0 6 2 0 3 0 0
2194 10 0 0 5 2 0 0 0 0
2195 3 1 1 0 0 0 1 0 0
2197 4 2 2 0 0 0 0 0 0
2199 3 0 0 0 0 0 1 1 0
2205 2 0 0 1 0 0 0 0 0
2210 4 1 1 2 1 0 0 0 0
2212 1 0 0 1 0 0 0 0 0
2219 3 0 0 1 0 0 1 0 0
2222 2 0 0 1 0 0 0 0 0
2231 3 0 0 2 0 0 0 0 0
2233 4 1 1 1 0 0 0 0 0
2248 5 0 0 0 0 0 0 0 0
2250 1 0 0 1 0 0 0 0 0
2251 5 0 0 1 0 0 1 0 0
2252 4 1 1 0 0 0 0 0 0
2254 2 0 0 1 0 0 0 0 0
2262 1 0 0 0 0 0 1 0 0
2266 2 0 0 1 0 0 0 0 0
2286 4 0 0 0 0 0 1 0 0
2287 1 0 0 0 0 0 1 0 0
2288 1 0 0 0 0 0 1 0 0
2289 1 0 0 0 0 0 0 0 0
2293 1 0 0 0 0 0 1 0 0
2298 8 1 1 7 2 0 0 0 0
2464 2 0 0 1 0 0 1 1 1
2466 1 0 0 0 0 0 1 0 0
2467 1 0 0 0 0 0 0 0 0
2471 8 1 1 1 0 0 2 1 0
2473 15 0 0 3 0 0 3 1 1
2475 2 0 0 0 0 0 0 0 0
2477 105 1 1 21 0 0 0 0 0
2478 19 0 0 0 0 0 0 0 0
2480 4 0 0 0 0 0 0 0 0
2486 14 0 0 2 1 1 0 0 0
2507 2 1 1 1 0 0 0 0 0
2514 6 0 0 0 0 0 1 0 0
2516 3 0 0 0 0 0 1 0 0
2562 3 1 1 1 0 0 0 0 0
2563 6 1 1 0 0 0 1 0 0
2565 3 1 1 0 0 0 1 1 1
2635 3 1 1 1 0 0 0 0 0
2667 3 0 0 1 0 0 0 0 0
fn=handle_ld_preload
121 3 0 0 1 0 0 0 0 0
752 1 0 0 0 0 0 1 1 0
756 1 0 0 0 0 0 1 0 0
757 1 0 0 0 0 0 1 0 0
758 1 0 0 0 0 0 1 0 0
760 1 0 0 1 0 0 0 0 0
762 11 1 1 2 0 0 3 1 1
763 3 0 0 1 0 0 0 0 0
771 4 0 0 1 0 0 0 0 0
837 9 1 1 0 0 0 6 0 0
838 1 0 0 0 0 0 0 0 0
842 4 0 0 2 0 0 0 0 0
845 4 0 0 0 0 0 1 1 1
846 3 1 1 0 0 0 0 0 0
848 5 2 2 0 0 0 1 0 0
849 2 1 1 0 0 0 1 0 0
855 1 0 0 0 0 0 0 0 0
857 2 0 0 1 0 0 0 0 0
859 2 0 0 1 0 0 0 0 0
863 9 0 0 7 0 0 0 0 0
fn=init_tls
681 1 0 0 0 0 0 1 0 0
683 2 0 0 1 0 0 1 0 0
687 2 0 0 1 1 0 0 0 0
693 2 0 0 0 0 0 1 0 0
696 1 0 0 0 0 0 1 0 0
697 4 0 0 0 0 0 1 0 0
702 1 0 0 0 0 0 0 0 0
704 1 0 0 0 0 0 1 1 1
708 2 1 1 1 1 1 0 0 0
709 1 0 0 0 0 0 0 0 0
710 16 1 1 1 0 0 0 0 0
711 8 0 0 4 0 0 0 0 0
712 8 0 0 4 0 0 0 0 0
716 2 0 0 0 0 0 1 0 0
718 1 0 0 0 0 0 0 0 0
720 2 0 0 0 0 0 0 0 0
723 1 1 1 0 0 0 1 0 0
730 2 0 0 0 0 0 1 0 0
731 2 0 0 0 0 0 0 0 0
737 2 1 1 1 0 0 1 0 0
740 7 0 0 0 0 0 2 0 0
743 1 1 1 0 0 0 1 0 0
745 1 0 0 0 0 0 0 0 0
746 3 0 0 2 0 0 0 0 0
fn=map_doit
588 2 1 1 0 0 0 1 0 0
590 4 0 0 1 0 0 0 0 0
591 6 1 1 2 0 0 2 0 0
593 2 0 0 2 0 0 0 0 0
fn=rtld_lock_default_lock_recursive
784 5 1 1 5 2 1 0 0 0
785 5 0 0 5 0 0 0 0 0
fn=rtld_lock_default_unlock_recursive
790 5 0 0 5 1 0 0 0 0
791 5 0 0 5 0 0 0 0 0
fn=version_check_doit
621 2 1 1 0 0 0 1 0 0
623 6 0 0 2 0 0 1 0 0
627 2 1 0 2 0 0 0 0 0
fl=/build/glibc-uZu3wS/glibc-2.27/elf/setup-vdso.h
fn=dl_main
24 2 0 0 1 0 0 0 0 0
fl=/build/glibc-uZu3wS/glibc-2.27/io/../sysdeps/unix/sysv/linux/access.c
fn=access
27 7 1 1 0 0 0 1 0 0
31 1 0 0 1 0 0 0 0 0
fl=/build/glibc-uZu3wS/glibc-2.27/io/../sysdeps/unix/sysv/linux/close.c
fn=close
27 12 1 1 0 0 0 0 0 0
28 3 0 0 3 0 0 0 0 0
fl=/build/glibc-uZu3wS/glibc-2.27/io/../sysdeps/unix/sysv/linux/open64.c
fn=open
36 11 0 0 0 0 0 11 2 2
39 66 0 0 0 0 0 0 0 0
47 101 2 2 0 0 0 8 0 0
49 11 0 0 11 0 0 0 0 0
fl=/build/glibc-uZu3wS/glibc-2.27/io/../sysdeps/unix/sysv/linux/read.c
fn=read
27 8 1 1 0 0 0 0 0 0
28 2 0 0 2 0 0 0 0 0
fl=/build/glibc-uZu3wS/glibc-2.27/io/../sysdeps/unix/sysv/linux/wordsize-64/fxstat.c
fn=_fxstat
33 4 0 0 0 0 0 0 0 0
34 8 2 2 0 0 0 0 0 0
35 24 0 0 0 0 0 0 0 0
39 4 0 0 4 0 0 0 0 0
fl=/build/glibc-uZu3wS/glibc-2.27/io/../sysdeps/unix/sysv/linux/wordsize-64/lxstat.c
fn=open
39 11 1 1 0 0 0 0 0 0
fl=/build/glibc-uZu3wS/glibc-2.27/io/../sysdeps/unix/sysv/linux/wordsize-64/xstat.c
fn=_xstat
33 8 0 0 0 0 0 0 0 0
34 16 1 1 0 0 0 0 0 0
35 76 0 0 7 0 0 7 0 0
39 1 0 0 1 0 0 0 0 0
fl=/build/glibc-uZu3wS/glibc-2.27/io/../sysdeps/unix/sysv/linux/write.c
fn=write
27 8 2 2 1 0 0 0 0 0
28 1 0 0 1 0 0 0 0 0
fl=/build/glibc-uZu3wS/glibc-2.27/libio/../misc/sys/sysmacros.h
fn=_IO_file_doallocate
79 6 0 0 0 0 0 0 0 0
fl=/build/glibc-uZu3wS/glibc-2.27/libio/filedoalloc.c
fn=_IO_file_doallocate
78 8 2 2 1 1 0 4 1 0
84 9 0 0 3 2 0 1 1 0
86 4 0 0 1 1 0 0 0 0
89 2 0 0 0 0 0 0 0 0
91 2 1 1 1 0 0 0 0 0
94 2 1 1 1 0 0 0 0 0
97 4 0 0 1 1 0 0 0 0
101 3 0 0 0 0 0 1 0 0
102 2 0 0 0 0 0 0 0 0
103 1 1 1 0 0 0 0 0 0
104 4 0 0 0 0 0 1 0 0
105 1 0 0 0 0 0 0 0 0
106 8 0 0 6 0 0 0 0 0
fl=/build/glibc-uZu3wS/glibc-2.27/libio/fileops.c
fn=_IO_do_write@@GLIBC_2.2.5
431 16 1 1 1 0 0 6 0 0
433 10 1 1 0 0 0 0 0 0
434 9 0 0 8 0 0 0 0 0
442 2 0 0 1 0 0 0 0 0
449 4 0 0 2 0 0 0 0 0
457 5 1 1 1 0 0 1 0 0
458 5 0 0 1 0 0 0 0 0
460 4 0 0 1 0 0 3 0 0
461 2 0 0 0 0 0 2 0 0
462 1 0 0 0 0 0 1 0 0
463 2 1 1 1 0 0 0 0 0
464 3 0 0 1 0 0 0 0 0
fn=_IO_file_overflow@@GLIBC_2.2.5
746 54 1 1 9 0 0 27 1 0
747 27 1 1 9 0 0 0 0 0
754 42 0 0 8 0 0 0 0 0
757 2 1 1 0 0 0 0 0 0
759 2 1 1 0 0 0 1 0 0
760 6 0 0 2 0 0 3 0 0
769 2 0 0 0 0 0 0 0 0
778 4 1 1 2 0 0 0 0 0
780 1 0 0 0 0 0 1 0 0
781 2 0 0 0 0 0 1 0 0
782 1 0 0 0 0 0 1 0 0
783 2 0 0 0 0 0 2 0 0
785 3 0 0 0 0 0 1 0 0
786 5 0 0 1 0 0 0 0 0
787 1 0 0 0 0 0 1 0 0
789 18 1 1 0 0 0 0 0 0
790 2 0 0 0 0 0 0 0 0
791 1 0 0 0 0 0 0 0 0
792 16 0 0 8 0 0 0 0 0
795 24 0 0 0 0 0 16 1 0
796 24 0 0 8 0 0 0 0 0
797 40 0 0 0 0 0 0 0 0
798 4 0 0 0 0 0 1 0 0
799 3 0 0 2 0 0 0 0 0
802 35 0 0 35 0 0 0 0 0
fn=_IO_file_setbuf@@GLIBC_2.2.5
389 2 1 1 0 0 0 1 0 0
390 3 0 0 0 0 0 1 0 0
393 2 0 0 0 0 0 2 0 0
394 2 1 1 1 0 0 1 0 0
395 3 0 0 0 0 0 3 0 0
397 1 0 0 0 0 0 0 0 0
398 2 0 0 2 0 0 0 0 0
fn=_IO_file_stat
1169 1 1 1 0 0 0 0 0 0
1170 3 0 0 1 0 0 0 0 0
fn=_IO_file_sync@@GLIBC_2.2.5
807 4 1 1 0 0 0 2 0 0
812 4 1 1 2 0 0 0 0 0
814 1 0 0 1 0 0 0 0 0
815 2 1 1 1 0 0 0 0 0
830 2 1 1 0 0 0 1 0 0
834 4 0 0 3 0 0 0 0 0
fn=_IO_file_write@@GLIBC_2.2.5
1196 6 0 0 0 0 0 4 0 0
1198 8 1 1 0 0 0 0 0 0
1203 6 0 0 2 0 0 1 0 0
1204 2 0 0 0 0 0 0 0 0
1209 1 0 0 0 0 0 0 0 0
1210 1 0 0 0 0 0 0 0 0
1213 3 1 1 1 0 0 0 0 0
1216 9 1 1 5 0 0 0 0 0
fn=_IO_file_xsputn@@GLIBC_2.2.5
1220 7 1 1 0 0 0 6 1 0
1226 5 0 0 0 0 0 0 0 0
1227 1 0 0 0 0 0 0 0 0
1233 5 1 1 2 1 1 0 0 0
1250 4 1 1 1 0 0 0 0 0
1266 6 0 0 2 1 0 1 1 0
1272 2 0 0 2 0 0 0 0 0
1273 7 0 0 0 0 0 0 0 0
1275 2 0 0 0 0 0 0 0 0
1286 3 1 1 0 0 0 0 0 0
1287 7 0 0 0 0 0 1 0 0
1290 9 0 0 7 0 0 0 0 0
fl=/build/glibc-uZu3wS/glibc-2.27/libio/genops.c
fn=_IO_cleanup
849 7 2 2 1 0 0 2 0 0
850 13 2 2 5 0 0 2 0 0
853 12 0 0 4 0 0 0 0 0
862 9 1 1 3 2 0 0 0 0
864 6 0 0 2 0 0 0 0 0
870 16 2 2 5 0 0 2 0 0
878 5 2 2 2 0 0 0 0 0
880 2 0 0 0 0 0 1 0 0
882 2 0 0 1 0 0 1 1 0
883 1 0 0 0 0 0 1 0 0
884 3 0 0 1 0 0 1 0 0
887 5 0 0 2 1 0 1 0 0
889 3 0 0 1 0 0 0 0 0
893 5 1 1 1 0 0 0 0 0
894 9 1 1 4 0 0 1 0 0
901 3 0 0 0 0 0 3 0 0
905 9 1 1 2 0 0 2 0 0
906 2 0 0 0 0 0 0 0 0
926 10 1 1 1 0 0 7 0 0
929 3 0 0 0 0 0 2 0 0
941 12 1 1 10 0 0 0 0 0
fn=_IO_default_setbuf
348 4 0 0 0 0 0 0 0 0
350 1 0 0 0 0 0 1 0 0
351 1 0 0 0 0 0 1 0 0
355 3 0 0 0 0 0 1 0 0
479 8 1 1 0 0 0 4 0 0
480 6 0 0 3 0 0 1 0 0
482 3 0 0 1 0 0 0 0 0
484 2 1 1 0 0 0 1 0 0
485 2 0 0 0 0 0 0 0 0
489 1 0 0 0 0 0 0 0 0
492 3 1 1 0 0 0 3 0 0
493 3 0 0 0 0 0 3 0 0
494 1 0 0 0 0 0 0 0 0
495 6 0 0 5 0 0 0 0 0
fn=_IO_default_xsputn
389 11 1 1 0 0 0 6 0 0
392 2 1 1 0 0 0 0 0 0
393 1 0 0 0 0 0 0 0 0
397 32 1 1 16 0 0 0 0 0
417 65 0 0 21 0 0 7 0 0
419 14 0 0 0 0 0 0 0 0
422 8 1 1 7 0 0 0 0 0
fn=_IO_doallocbuf
361 3 1 1 0 0 0 3 1 0
362 2 1 1 1 0 0 0 0 0
364 4 0 0 1 0 0 0 0 0
365 5 1 1 2 1 0 1 0 0
368 4 0 0 4 0 0 0 0 0
fn=_IO_flush_all_lockp
749 11 1 1 1 0 0 7 0 0
750 1 0 0 0 0 0 0 0 0
754 8 2 2 1 0 0 3 0 0
755 13 2 2 5 1 1 2 0 0
758 12 0 0 4 3 1 0 0 0
760 3 0 0 0 0 0 3 1 0
761 6 1 1 0 0 0 0 0 0
762 1 0 0 1 0 0 0 0 0
764 22 1 1 10 4 2 0 0 0
772 6 2 2 0 0 0 0 0 0
774 3 0 0 0 0 0 3 0 0
778 9 1 1 2 0 0 2 0 0
779 3 1 1 1 0 0 0 0 0
783 12 0 0 9 0 0 0 0 0
fn=_IO_setb
347 3 1 1 0 0 0 1 0 0
348 4 0 0 2 0 0 0 0 0
350 1 0 0 0 0 0 1 0 0
351 1 0 0 0 0 0 1 1 0
353 6 0 0 0 0 0 1 0 0
356 3 0 0 2 0 0 0 0 0
fn=__overflow
217 2 1 1 0 0 0 1 0 0
219 3 0 0 1 0 0 0 0 0
221 3 0 0 2 0 0 0 0 0
222 2 1 1 1 0 0 0 0 0
fl=/build/glibc-uZu3wS/glibc-2.27/libio/ioputs.c
fn=puts
33 6 1 1 0 0 0 4 1 0
35 2 1 1 0 0 0 1 1 0
36 18 1 1 10 6 0 1 0 0
39 4 1 1 1 1 0 1 0 0
40 6 1 1 2 1 0 1 0 0
41 8 1 1 3 0 0 1 0 0
42 4 0 0 0 0 0 0 0 0
46 7 1 1 5 0 0 0 0 0
fl=/build/glibc-uZu3wS/glibc-2.27/libio/libioP.h
fn=_IO_cleanup
870 5 0 0 1 0 0 0 0 0
872 2 0 0 0 0 0 0 0 0
873 2 0 0 0 0 0 0 0 0
fn=_IO_default_setbuf
870 3 0 0 0 0 0 0 0 0
872 2 1 1 0 0 0 0 0 0
873 2 0 0 0 0 0 0 0 0
fn=_IO_default_xsputn
870 4 0 0 0 0 0 0 0 0
872 14 0 0 0 0 0 0 0 0
873 14 0 0 0 0 0 0 0 0
fn=_IO_do_write@@GLIBC_2.2.5
873 2 1 1 0 0 0 0 0 0
fn=_IO_doallocbuf
870 3 0 0 0 0 0 0 0 0
872 2 0 0 0 0 0 0 0 0
873 2 0 0 0 0 0 0 0 0
fn=_IO_file_doallocate
870 3 0 0 0 0 0 0 0 0
872 2 0 0 0 0 0 0 0 0
873 2 1 1 0 0 0 0 0 0
fn=_IO_file_xsputn@@GLIBC_2.2.5
870 3 0 0 0 0 0 0 0 0
872 2 0 0 0 0 0 0 0 0
873 2 1 1 0 0 0 0 0 0
fn=_IO_flush_all_lockp
870 4 0 0 0 0 0 0 0 0
fn=__overflow
870 3 0 0 0 0 0 0 0 0
872 2 0 0 0 0 0 0 0 0
873 2 0 0 0 0 0 0 0 0
fn=puts
796 2 1 1 1 0 0 0 0 0
797 8 0 0 4 0 0 1 0 0
870 3 0 0 0 0 0 0 0 0
872 2 0 0 0 0 0 0 0 0
873 2 0 0 0 0 0 0 0 0
fl=/build/glibc-uZu3wS/glibc-2.27/libio/vtables.c
fn=check_stdfiles_vtables
84 4 1 1 2 0 0 0 0 0
85 3 1 1 2 0 0 0 0 0
86 3 0 0 2 0 0 0 0 0
88 1 0 0 1 0 0 0 0 0
fl=/build/glibc-uZu3wS/glibc-2.27/malloc/arena.c
fn=malloc_hook_ini
291 3 1 1 1 1 1 0 0 0
fn=ptmalloc_init.part.0
289 5 1 1 1 0 0 2 0 0
294 1 0 0 0 0 0 1 0 0
302 2 0 0 1 0 0 0 0 0
303 7 2 2 0 0 0 1 1 1
304 4 0 0 2 1 0 0 0 0
308 13 2 2 6 3 1 2 1 0
313 7 1 1 1 0 0 2 0 0
314 4 1 1 0 0 0 1 0 0
315 4 0 0 0 0 0 1 0 0
316 4 0 0 0 0 0 1 0 0
317 4 0 0 0 0 0 1 0 0
318 4 1 1 0 0 0 1 0 0
319 4 0 0 0 0 0 1 0 0
320 4 0 0 0 0 0 1 0 0
322 4 1 1 0 0 0 1 0 0
323 4 0 0 0 0 0 1 0 0
324 4 0 0 0 0 0 1 0 0
395 2 0 0 2 2 1 0 0 0
396 2 0 0 0 0 0 0 0 0
399 1 0 0 0 0 0 1 1 0
400 6 0 0 4 2 0 0 0 0
fn=sysmalloc
535 2 0 0 0 0 0 0 0 0
fl=/build/glibc-uZu3wS/glibc-2.27/malloc/hooks.c
fn=malloc_hook_ini
29 5 1 1 0 0 0 2 0 0
30 2 0 0 1 0 0 1 0 0
33 7 2 2 4 2 0 1 0 0
fl=/build/glibc-uZu3wS/glibc-2.27/malloc/malloc.c
fn=_int_malloc
1887 9 1 1 3 2 1 0 0 0
3531 21 2 2 0 0 0 18 1 0
3563 30 0 0 0 0 0 0 0 0
3567 18 1 1 0 0 0 3 1 0
3591 6 0 0 3 1 0 0 0 0
3649 8 1 1 0 0 0 0 0 0
3651 13 1 1 0 0 0 5 0 0
3652 4 1 1 0 0 0 0 0 0
3654 3 0 0 1 0 0 0 0 0
3711 72 2 2 0 0 0 23 2 0
3712 6 0 0 2 1 0 0 0 0
3713 20 2 2 0 0 0 5 0 0
3730 13 1 1 2 0 0 3 1 0
3731 9 1 1 0 0 0 0 0 0
3732 12 1 1 6 0 0 0 0 0
3736 9 0 0 0 0 0 6 0 0
3741 3 0 0 0 0 0 0 0 0
3742 9 0 0 0 0 0 0 0 0
3762 12 0 0 0 0 0 6 0 0
3802 9 1 1 6 3 0 3 0 0
3889 3 0 0 3 0 0 0 0 0
3903 6 1 1 0 0 0 0 0 0
3914 6 1 1 0 0 0 0 0 0
3916 10 0 0 2 0 0 0 0 0
3919 6 0 0 2 1 0 0 0 0
3987 6 0 0 3 0 0 0 0 0
3988 6 0 0 0 0 0 0 0 0
3989 6 1 1 0 0 0 0 0 0
3990 6 0 0 3 2 0 0 0 0
3991 6 0 0 0 0 0 0 0 0
3996 6 0 0 0 0 0 0 0 0
4000 17 2 2 0 0 0 0 0 0
4003 12 0 0 3 0 0 0 0 0
4100 3 1 1 3 0 0 0 0 0
4101 6 0 0 3 0 0 0 0 0
4103 11 0 0 0 0 0 2 0 0
4105 2 1 1 0 0 0 0 0 0
4106 1 0 0 0 0 0 0 0 0
4107 1 0 0 0 0 0 1 0 0
4108 9 1 1 0 0 0 1 0 0
4110 3 0 0 0 0 0 1 1 1
4113 1 0 0 0 0 0 0 0 0
4120 6 0 0 2 0 0 0 0 0
4135 8 1 1 0 0 0 2 0 0
4136 4 0 0 0 0 0 0 0 0
4141 27 1 1 21 0 0 0 0 0
fn=free
2829 4 1 1 2 0 0 0 0 0
2831 2 0 0 0 0 0 0 0 0
2835 4 1 1 1 0 0 0 0 0
2838 3 1 1 1 0 0 0 0 0
2839 1 0 0 0 0 0 0 0 0
2845 7 0 0 2 2 0 0 0 0
2848 1 0 0 2 0 0 0 0 0
2849 3 0 0 2 0 0 0 0 0
2854 2 0 0 0 0 0 1 0 0
3096 11 1 1 1 0 0 7 0 0
3101 2 0 0 2 1 0 0 0 0
3102 2 1 1 0 0 0 0 0 0
3108 2 0 0 0 0 0 0 0 0
3111 1 0 0 0 0 0 0 0 0
3113 3 0 0 1 1 0 0 0 0
3117 4 1 1 2 1 0 0 0 0
3119 4 1 1 1 1 0 0 0 0
3120 4 1 1 1 0 0 0 0 0
3122 2 0 0 0 0 0 1 0 0
3123 2 0 0 0 0 0 1 0 0
3124 1 0 0 0 0 0 0 0 0
3135 11 1 1 9 0 0 0 0 0
fn=malloc
3038 6 1 1 0 0 0 4 1 0
3043 4 0 0 4 2 0 0 0 0
3044 4 0 0 0 0 0 0 0 0
3045 2 1 1 1 0 0 0 0 0
3049 11 2 2 0 0 0 0 0 0
3050 3 0 0 0 0 0 0 0 0
3052 4 0 0 2 2 0 0 0 0
3055 2 1 1 1 1 0 0 0 0
3057 1 1 1 0 0 0 0 0 0
3058 3 0 0 1 1 0 0 0 0
3065 4 0 0 1 0 0 0 0 0
3067 4 0 0 0 0 0 1 1 0
3068 7 1 1 1 0 0 0 0 0
3091 8 1 1 5 0 0 0 0 0
fn=malloc_hook_ini
2993 5 0 0 2 1 0 2 1 0
3044 2 0 0 0 0 0 0 0 0
3049 11 3 3 0 0 0 0 0 0
3050 2 0 0 0 0 0 0 0 0
3052 4 0 0 2 1 0 0 0 0
3055 3 0 0 2 0 0 0 0 0
3065 4 1 1 1 0 0 0 0 0
3067 4 0 0 0 0 0 1 0 0
3068 5 0 0 1 0 0 0 0 0
fn=ptmalloc_init.part.0
1816 498 1 1 0 0 0 0 0 0
1817 384 2 2 2 0 0 129 64 32
1825 1 0 0 0 0 0 1 1 1
1826 1 0 0 0 0 0 1 1 1
1828 2 0 0 0 0 0 1 0 0
fn=sysmalloc
2274 16 1 1 0 0 0 12 0 0
2294 4 0 0 4 1 0 0 0 0
2305 4 0 0 0 0 0 0 0 0
2306 7 0 0 2 1 1 0 0 0
2307 3 1 1 2 1 0 0 0 0
2321 8 1 1 0 0 0 1 0 0
2327 2 0 0 0 0 0 0 0 0
2329 7 1 1 0 0 0 1 0 0
2331 2 0 0 0 0 0 0 0 0
2346 3 1 1 0 0 0 0 0 0
2361 1 0 0 0 0 0 1 1 1
2362 3 1 1 0 0 0 1 0 0
2367 3 0 0 2 0 0 0 0 0
2368 5 0 0 2 0 0 0 0 0
2371 3 0 0 2 0 0 0 0 0
2372 5 0 0 2 0 0 0 0 0
2387 1 0 0 1 0 0 0 0 0
2388 3 0 0 1 0 0 0 0 0
2389 1 0 0 0 0 0 0 0 0
2398 4 0 0 0 0 0 0 0 0
2404 4 2 2 0 0 0 1 0 0
2407 3 0 0 0 0 0 0 0 0
2460 3 1 1 1 0 0 0 0 0
2468 2 0 0 1 0 0 0 0 0
2469 1 1 1 0 0 0 0 0 0
2479 6 0 0 0 0 0 2 0 0
2487 2 0 0 0 0 0 0 0 0
2489 5 1 1 2 2 0 2 0 0
2490 1 0 0 0 0 0 0 0 0
2493 3 0 0 1 0 0 0 0 0
2496 4 0 0 2 1 0 0 0 0
2497 2 0 0 0 0 0 0 0 0
2541 3 2 2 0 0 0 0 0 0
2543 2 1 1 1 1 0 0 0 0
2544 2 1 1 0 0 0 1 0 0
2545 3 0 0 1 0 0 1 0 0
2551 2 0 0 0 0 0 0 0 0
2554 4 1 1 1 0 0 0 0 0
2588 2 0 0 0 0 0 0 0 0
2594 3 1 1 0 0 0 0 0 0
2616 2 0 0 0 0 0 0 0 0
2617 6 1 1 1 0 0 0 0 0
2619 2 0 0 0 0 0 0 0 0
2620 4 0 0 2 0 0 2 0 0
2632 3 0 0 1 0 0 0 0 0
2640 2 1 1 2 0 0 0 0 0
2641 4 1 1 1 0 0 0 0 0
2679 1 0 0 0 0 0 1 0 0
2680 4 1 1 0 0 0 1 1 1
2681 2 0 0 0 0 0 1 0 0
2692 2 0 0 0 0 0 0 0 0
2724 2 1 1 1 0 0 0 0 0
2725 1 0 0 0 0 0 1 0 0
2730 2 0 0 1 0 0 0 0 0
2733 2 0 0 1 0 0 0 0 0
2735 1 0 0 0 0 0 0 0 0
2736 1 0 0 0 0 0 0 0 0
2737 1 0 0 0 0 0 1 0 0
2738 8 1 1 0 0 0 1 0 0
2739 2 0 0 0 0 0 1 1 1
2741 2 0 0 0 0 0 0 0 0
2747 18 1 1 14 0 0 0 0 0
fn=tcache_init.part.4
2987 1 0 0 0 0 0 1 0 0
2996 10 2 2 4 1 0 0 0 0
2997 4 0 0 0 0 0 1 0 0
2998 2 0 0 0 0 0 0 0 0
3006 4 1 1 2 0 0 0 0 0
3013 2 0 0 0 0 0 0 0 0
3015 2 0 0 1 0 0 1 0 0
3016 80 1 1 0 0 0 73 17 8
3019 2 0 0 2 0 0 0 0 0
fl=/build/glibc-uZu3wS/glibc-2.27/malloc/morecore.c
fn=__default_morecore
46 2 1 1 0 0 0 0 0 0
47 2 0 0 0 0 0 2 0 0
49 6 1 1 0 0 0 0 0 0
52 4 0 0 2 0 0 0 0 0
fl=/build/glibc-uZu3wS/glibc-2.27/misc/../sysdeps/unix/syscall-template.S
fn=mprotect
78 24 0 0 0 0 0 0 0 0
79 6 0 0 6 0 0 0 0 0
fn=munmap
78 8 2 2 0 0 0 0 0 0
79 2 0 0 2 0 0 0 0 0
fl=/build/glibc-uZu3wS/glibc-2.27/misc/../sysdeps/unix/sysv/linux/mmap64.c
fn=mmap
48 96 1 1 0 0 0 48 3 1
51 16 2 2 0 0 0 0 0 0
54 30 2 2 2 0 0 0 0 0
59 80 1 1 0 0 0 0 0 0
61 56 0 0 56 0 0 0 0 0
fl=/build/glibc-uZu3wS/glibc-2.27/misc/../sysdeps/unix/sysv/linux/x86_64/brk.c
fn=brk
31 16 2 2 2 0 0 2 0 0
33 4 0 0 0 0 0 0 0 0
39 2 0 0 0 0 0 0 0 0
40 2 0 0 2 0 0 0 0 0
fl=/build/glibc-uZu3wS/glibc-2.27/misc/init-misc.c
fn=__init_misc
30 3 0 0 0 0 0 2 0 0
31 6 1 1 1 0 0 0 0 0
33 3 0 0 0 0 0 1 0 0
37 5 0 0 1 0 0 1 0 0
38 3 1 1 2 1 0 1 0 0
40 4 0 0 3 0 0 0 0 0
fl=/build/glibc-uZu3wS/glibc-2.27/misc/sbrk.c
fn=sbrk
32 8 1 1 0 0 0 6 0 0
40 11 0 0 5 3 0 0 0 0
41 5 1 1 1 0 0 1 0 0
44 4 0 0 0 0 0 0 0 0
48 6 0 0 0 0 0 0 0 0
56 4 1 1 0 0 0 1 0 0
60 10 0 0 8 0 0 0 0 0
fl=/build/glibc-uZu3wS/glibc-2.27/nptl/unregister-atfork.c
fn=__unregister_atfork
28 14 2 2 2 0 0 6 0 0
36 2 0 0 2 1 0 0 0 0
39 4 0 0 0 0 0 0 0 0
121 12 1 1 10 0 0 0 0 0
fl=/build/glibc-uZu3wS/glibc-2.27/posix/../sysdeps/unix/syscall-template.S
fn=uname
78 4 1 1 0 0 0 0 0 0
79 1 0 0 1 0 0 0 0 0
fl=/build/glibc-uZu3wS/glibc-2.27/posix/../sysdeps/unix/sysv/linux/_exit.c
fn=_Exit
27 2 1 1 1 1 0 0 0 0
31 4 0 0 0 0 0 0 0 0
33 2 0 0 0 0 0 0 0 0
fl=/build/glibc-uZu3wS/glibc-2.27/setjmp/../sysdeps/x86_64/bsd-_setjmp.S
fn=_setjmp
30 1 1 1 0 0 0 0 0 0
32 1 0 0 0 0 0 0 0 0
fl=/build/glibc-uZu3wS/glibc-2.27/setjmp/../sysdeps/x86_64/setjmp.S
fn=__sigsetjmp
26 4 2 2 0 0 0 4 1 0
35 4 0 0 0 0 0 0 0 0
36 8 1 1 4 0 0 0 0 0
37 4 0 0 0 0 0 4 0 0
41 4 0 0 0 0 0 4 1 0
42 4 0 0 0 0 0 4 0 0
43 4 1 1 0 0 0 4 1 1
44 4 0 0 0 0 0 4 0 0
45 4 0 0 0 0 0 0 0 0
47 8 0 0 4 0 0 0 0 0
49 4 0 0 0 0 0 4 0 0
50 4 0 0 4 0 0 0 0 0
51 4 0 0 0 0 0 0 0 0
53 8 0 0 4 0 0 0 0 0
55 4 0 0 0 0 0 4 0 0
59 3 0 0 0 0 0 0 0 0
60 3 0 0 3 0 0 0 0 0
63 1 0 0 0 0 0 0 0 0
fl=/build/glibc-uZu3wS/glibc-2.27/setjmp/sigjmp.c
fn=__sigjmp_save
28 2 0 0 0 0 0 1 0 0
29 3 1 1 0 0 0 1 0 0
34 3 0 0 2 0 0 0 0 0
fl=/build/glibc-uZu3wS/glibc-2.27/stdlib/../stdlib/strtol.c
fn=strtol
106 4 1 1 2 0 0 0 0 0
fl=/build/glibc-uZu3wS/glibc-2.27/stdlib/../stdlib/strtol_l.c
fn=____strtol_l_internal
226 9 1 1 0 0 0 6 1 0
246 2 0 0 0 0 0 0 0 0
252 2 0 0 0 0 0 0 0 0
273 1 0 0 0 0 0 0 0 0
274 1 0 0 0 0 0 0 0 0
283 4 0 0 0 0 0 0 0 0
292 6 1 1 3 2 1 0 0 0
294 2 1 1 0 0 0 0 0 0
298 1 0 0 0 0 0 1 1 0
299 2 0 0 0 0 0 0 0 0
304 2 0 0 0 0 0 0 0 0
308 2 1 1 0 0 0 0 0 0
318 2 0 0 0 0 0 0 0 0
325 2 0 0 0 0 0 0 0 0
328 5 1 1 0 0 0 1 0 0
376 1 0 0 0 0 0 0 0 0
377 1 0 0 0 0 0 0 0 0
378 1 1 1 0 0 0 0 0 0
432 14 0 0 7 0 0 0 0 0
434 32 0 0 0 0 0 0 0 0
436 21 1 1 0 0 0 0 0 0
450 3 0 0 0 0 0 1 0 0
460 1 0 0 1 1 0 0 0 0
461 1 0 0 0 0 0 0 0 0
464 21 1 1 0 0 0 0 0 0
467 21 0 0 0 0 0 0 0 0
472 8 0 0 0 0 0 0 0 0
473 21 0 0 0 0 0 0 0 0
478 2 1 1 0 0 0 0 0 0
483 2 0 0 0 0 0 0 0 0
489 2 0 0 0 0 0 0 0 0
490 2 1 1 0 0 0 0 0 0
492 3 1 1 1 0 0 0 0 0
525 8 0 0 7 0 0 0 0 0
fl=/build/glibc-uZu3wS/glibc-2.27/stdlib/atoi.c
fn=atoi
26 1 1 1 0 0 0 0 0 0
27 3 0 0 0 0 0 1 0 0
28 2 1 1 1 0 0 0 0 0
fl=/build/glibc-uZu3wS/glibc-2.27/stdlib/cxa_atexit.c
fn=__cxa_atexit
39 7 1 1 2 2 2 0 0 0
40 2 0 0 0 0 0 1 0 0
42 2 0 0 0 0 0 0 0 0
49 2 1 1 1 0 0 0 0 0
51 1 0 0 0 0 0 1 0 0
52 1 0 0 0 0 0 1 1 0
53 1 0 0 0 0 0 1 0 0
54 1 0 0 0 0 0 1 0 0
55 4 0 0 2 0 0 0 0 0
56 1 1 1 0 0 0 0 0 0
65 8 1 1 0 0 0 4 0 0
67 6 0 0 5 0 0 0 0 0
fn=__new_exitfn
78 3 0 0 0 0 0 2 0 0
79 2 0 0 0 0 0 0 0 0
84 2 1 1 1 1 0 0 0 0
89 8 1 1 2 0 0 0 0 0
91 3 1 1 1 1 0 0 0 0
99 2 0 0 0 0 0 1 0 0
120 1 1 1 0 0 0 0 0 0
121 2 0 0 0 0 0 1 0 0
134 1 1 1 0 0 0 1 0 0
135 1 0 0 1 0 0 0 0 0
139 4 0 0 3 0 0 0 0 0
fl=/build/glibc-uZu3wS/glibc-2.27/stdlib/cxa_finalize.c
fn=__cxa_finalize
30 16 1 1 0 0 0 12 0 0
33 14 1 1 4 0 0 0 0 0
36 12 1 1 4 0 0 0 0 0
40 14 1 1 2 0 0 0 0 0
94 16 1 1 4 1 0 0 0 0
98 12 1 1 2 1 1 0 0 0
106 4 0 0 0 0 0 0 0 0
107 4 0 0 0 0 0 2 0 0
109 8 0 0 4 0 0 0 0 0
110 16 1 1 14 0 0 0 0 0
fl=/build/glibc-uZu3wS/glibc-2.27/stdlib/cxa_thread_atexit_impl.c
fn=__call_tls_dtors
145 3 1 1 0 0 0 2 0 0
146 4 0 0 2 0 0 0 0 0
164 4 1 1 3 0 0 0 0 0
fl=/build/glibc-uZu3wS/glibc-2.27/stdlib/exit.c
fn=__run_exit_handlers
40 10 1 1 0 0 0 7 0 0
45 3 0 0 0 0 0 0 0 0
46 2 0 0 0 0 0 1 0 0
53 1 1 1 0 0 0 0 0 0
56 14 1 1 4 1 0 0 0 0
59 2 0 0 2 1 0 0 0 0
61 5 0 0 0 0 0 0 0 0
65 1 0 0 0 0 0 1 1 0
66 4 0 0 2 0 0 0 0 0
70 6 1 1 2 1 0 0 0 0
72 2 0 0 0 0 0 1 0 0
73 1 0 0 1 0 0 0 0 0
76 4 1 1 2 0 0 0 0 0
77 8 0 0 1 0 0 0 0 0
103 1 0 0 0 0 0 1 0 0
106 3 1 1 2 0 0 0 0 0
108 3 0 0 1 1 0 1 0 0
109 1 0 0 0 0 0 0 0 0
112 6 1 1 2 0 0 0 0 0
114 2 0 0 1 0 0 0 0 0
120 2 1 1 1 0 0 1 0 0
121 2 0 0 0 0 0 0 0 0
126 4 0 0 2 0 0 0 0 0
129 2 1 1 1 0 0 0 0 0
130 14 0 0 1 1 0 1 0 0
132 2 0 0 0 0 0 1 0 0
fn=exit
138 1 0 0 0 0 0 0 0 0
139 4 1 1 0 0 0 1 0 0
fl=/build/glibc-uZu3wS/glibc-2.27/stdlib/rand.c
fn=rand
26 1000000 1 1 0 0 0 0 0 0
27 1000000 0 0 0 0 0 1000000 0 0
28 2000000 0 0 1000000 0 0 0 0 0
fl=/build/glibc-uZu3wS/glibc-2.27/stdlib/random.c
fn=random
288 4000000 1 1 1000000 0 0 1000000 0 0
291 5000000 1 1 2000000 0 0 0 0 0
293 3000000 0 0 0 0 0 1000000 0 0
295 4000000 1 1 2000000 0 0 0 0 0
297 1000000 0 0 1000000 0 0 0 0 0
298 5000000 0 0 3000000 0 0 0 0 0
fn=srand
209 2 1 1 0 0 0 0 0 0
210 6 1 1 2 1 1 0 0 0
211 3 0 0 0 0 0 1 0 0
212 4 1 1 2 0 0 0 0 0
213 2 0 0 1 0 0 0 0 0
fl=/build/glibc-uZu3wS/glibc-2.27/stdlib/random_r.c
fn=random_r
357 4000000 1 1 0 0 0 0 0 0
360 2000000 2 2 1000000 0 0 0 0 0
362 3000000 0 0 1000000 0 0 0 0 0
370 1000000 0 0 1000000 0 0 0 0 0
371 1000000 0 0 1000000 0 0 0 0 0
372 1000000 0 0 1000000 0 0 0 0 0
375 3000000 0 0 2000000 0 0 1000000 0 0
377 2000000 0 0 0 0 0 1000000 0 0
378 2000000 0 0 0 0 0 0 0 0
379 2000000 0 0 0 0 0 0 0 0
387 1935484 0 0 0 0 0 0 0 0
390 1967742 0 0 967742 0 0 1000000 0 0
391 1000000 0 0 0 0 0 1000000 0 0
393 1032258 0 0 32258 0 0 0 0 0
fn=srandom_r
170 2 1 1 0 0 0 0 0 0
172 1 0 0 1 1 0 0 0 0
173 2 0 0 0 0 0 0 0 0
176 1 0 0 1 0 0 0 0 0
178 3 0 0 0 0 0 0 0 0
180 1 0 0 0 0 0 1 1 1
181 2 0 0 0 0 0 0 0 0
186 2 1 1 1 0 0 0 0 0
187 94 0 0 0 0 0 0 0 0
192 211 0 0 0 0 0 0 0 0
193 60 0 0 0 0 0 0 0 0
194 60 1 1 0 0 0 0 0 0
195 60 0 0 0 0 0 0 0 0
197 30 0 0 0 0 0 30 3 1
200 3 0 0 1 1 0 1 0 0
201 1 0 0 0 0 0 1 0 0
202 2 0 0 0 0 0 0 0 0
203 622 0 0 0 0 0 0 0 0
210 2 0 0 1 0 0 0 0 0
360 610 0 0 0 0 0 0 0 0
362 930 0 0 310 0 0 0 0 0
370 310 0 0 310 0 0 0 0 0
371 310 1 1 310 0 0 0 0 0
372 310 0 0 310 0 0 0 0 0
375 620 0 0 620 0 0 0 0 0
378 620 0 0 0 0 0 0 0 0
379 620 0 0 0 0 0 0 0 0
387 600 0 0 0 0 0 0 0 0
390 310 0 0 0 0 0 310 0 0
391 310 0 0 0 0 0 310 0 0
fl=/build/glibc-uZu3wS/glibc-2.27/string/../bits/stdlib-bsearch.h
fn=intel_check_word.isra.0
27 24 0 0 0 0 0 0 0 0
28 12 0 0 0 0 0 0 0 0
29 288 1 1 0 0 0 0 0 0
31 162 0 0 0 0 0 0 0 0
32 81 0 0 0 0 0 0 0 0
37 15 0 0 0 0 0 0 0 0
fl=/build/glibc-uZu3wS/glibc-2.27/string/../sysdeps/x86/cacheinfo.c
fn=handle_intel.constprop.1
259 30 1 1 3 0 0 21 1 0
261 3 0 0 3 0 0 0 0 0
264 9 0 0 3 0 0 0 0 0
270 3 1 1 0 0 0 3 1 0
272 3 0 0 0 0 0 3 0 0
273 3 0 0 0 0 0 3 0 0
275 12 0 0 0 0 0 0 0 0
281 15 0 0 0 0 0 6 0 0
286 6 0 0 0 0 0 0 0 0
288 6 1 1 0 0 0 3 0 0
289 3 0 0 0 0 0 0 0 0
293 18 0 0 0 0 0 3 0 0
295 6 0 0 0 0 0 0 0 0
298 21 1 1 0 0 0 3 0 0
300 6 0 0 0 0 0 0 0 0
319 33 2 2 27 0 0 0 0 0
fn=init_cacheinfo
488 7 0 0 0 0 0 6 0 0
500 2 1 1 1 0 0 1 0 0
502 6 1 1 4 1 0 0 0 0
504 3 0 0 0 0 0 1 0 0
506 3 1 1 0 0 0 2 0 0
510 1 0 0 0 0 0 1 0 0
511 3 0 0 0 0 0 1 0 0
519 2 0 0 0 0 0 0 0 0
530 1 0 0 0 0 0 0 0 0
535 3 0 0 1 0 0 0 0 0
539 2 0 0 1 0 0 0 0 0
547 9 1 1 0 0 0 0 0 0
550 14 1 1 0 0 0 0 0 0
556 8 0 0 0 0 0 0 0 0
559 26 0 0 0 0 0 0 0 0
564 2 0 0 0 0 0 0 0 0
568 4 0 0 0 0 0 0 0 0
569 1 0 0 0 0 0 0 0 0
573 2 0 0 0 0 0 0 0 0
577 3 0 0 0 0 0 0 0 0
580 3 0 0 0 0 0 0 0 0
581 1 0 0 0 0 0 0 0 0
586 8 0 0 0 0 0 0 0 0
592 2 1 1 1 0 0 0 0 0
600 8 1 1 1 0 0 0 0 0
602 7 0 0 0 0 0 0 0 0
604 7 0 0 0 0 0 0 0 0
606 6 1 1 0 0 0 0 0 0
609 2 0 0 0 0 0 0 0 0
610 8 0 0 0 0 0 0 0 0
612 4 0 0 0 0 0 0 0 0
615 2 0 0 0 0 0 0 0 0
620 1 0 0 0 0 0 0 0 0
622 4 0 0 0 0 0 0 0 0
623 3 1 1 0 0 0 0 0 0
624 1 0 0 0 0 0 0 0 0
627 2 0 0 0 0 0 0 0 0
630 3 1 1 0 0 0 0 0 0
634 2 0 0 1 0 0 0 0 0
637 1 0 0 0 0 0 0 0 0
639 4 0 0 0 0 0 0 0 0
640 1 0 0 0 0 0 0 0 0
645 2 0 0 0 0 0 0 0 0
650 2 0 0 0 0 0 0 0 0
651 1 0 0 0 0 0 0 0 0
652 2 0 0 0 0 0 0 0 0
653 1 0 0 0 0 0 0 0 0
654 2 0 0 1 0 0 0 0 0
691 4 1 1 0 0 0 0 0 0
692 5 0 0 0 0 0 0 0 0
696 2 0 0 0 0 0 0 0 0
755 2 1 1 0 0 0 0 0 0
758 2 0 0 0 0 0 0 0 0
760 3 1 1 0 0 0 1 0 0
761 1 0 0 0 0 0 1 1 1
763 1 0 0 0 0 0 0 0 0
764 3 0 0 0 0 0 1 0 0
765 1 0 0 0 0 0 1 1 0
768 2 0 0 0 0 0 0 0 0
771 2 0 0 0 0 0 0 0 0
773 3 0 0 0 0 0 1 0 0
774 1 0 0 0 0 0 1 1 1
776 1 0 0 0 0 0 0 0 0
777 3 0 0 0 0 0 1 0 0
778 1 1 1 0 0 0 1 0 0
786 2 0 0 1 0 0 1 1 1
788 8 0 0 1 0 0 0 0 0
789 8 0 0 7 0 0 0 0 0
fn=intel_check_word.isra.0
119 162 0 0 81 8 6 0 0 0
122 81 0 0 0 0 0 0 0 0
128 36 0 0 0 0 0 24 0 0
132 12 1 1 0 0 0 0 0 0
134 3 1 1 0 0 0 0 0 0
138 42 0 0 0 0 0 0 0 0
140 48 1 1 0 0 0 0 0 0
142 15 0 0 0 0 0 0 0 0
144 30 0 0 0 0 0 0 0 0
152 30 0 0 0 0 0 0 0 0
161 13 1 1 0 0 0 0 0 0
164 30 1 1 0 0 0 0 0 0
167 24 0 0 0 0 0 0 0 0
171 16 0 0 0 0 0 0 0 0
173 36 0 0 0 0 0 0 0 0
175 14 0 0 0 0 0 0 0 0
177 8 0 0 0 0 0 0 0 0
178 14 0 0 0 0 0 0 0 0
179 10 0 0 0 0 0 0 0 0
181 3 1 1 0 0 0 0 0 0
183 6 0 0 0 0 0 0 0 0
185 9 1 1 0 0 0 0 0 0
186 12 1 1 0 0 0 0 0 0
187 9 0 0 0 0 0 0 0 0
188 15 0 0 0 0 0 0 0 0
196 5 0 0 0 0 0 0 0 0
203 24 0 0 0 0 0 0 0 0
225 12 1 1 0 0 0 0 0 0
250 12 0 0 0 0 0 0 0 0
255 36 0 0 30 0 0 0 0 0
fl=/build/glibc-uZu3wS/glibc-2.27/string/../sysdeps/x86_64/memcmp.S
fn=bcmp
28 2 1 1 0 0 0 0 0 0
29 2 0 0 0 0 0 0 0 0
30 2 0 0 0 0 0 0 0 0
31 2 0 0 0 0 0 0 0 0
32 2 0 0 0 0 0 0 0 0
33 2 0 0 0 0 0 0 0 0
34 2 0 0 0 0 0 0 0 0
35 2 0 0 0 0 0 0 0 0
38 2 0 0 0 0 0 0 0 0
39 2 0 0 0 0 0 0 0 0
40 1 0 0 1 0 0 0 0 0
41 1 0 0 1 1 1 0 0 0
42 1 0 0 0 0 0 0 0 0
43 1 0 0 0 0 0 0 0 0
44 1 0 0 0 0 0 0 0 0
45 1 0 0 0 0 0 0 0 0
46 1 0 0 0 0 0 0 0 0
48 2 1 1 0 0 0 0 0 0
49 2 0 0 0 0 0 0 0 0
50 1 0 0 1 0 0 0 0 0
51 1 0 0 1 0 0 0 0 0
52 1 0 0 0 0 0 0 0 0
53 1 0 0 0 0 0 0 0 0
54 1 0 0 0 0 0 0 0 0
55 1 0 0 0 0 0 0 0 0
56 1 0 0 0 0 0 0 0 0
58 2 0 0 0 0 0 0 0 0
59 2 0 0 0 0 0 0 0 0
60 2 0 0 2 0 0 0 0 0
61 2 0 0 2 1 1 0 0 0
62 2 0 0 0 0 0 0 0 0
63 2 0 0 0 0 0 0 0 0
64 1 0 0 0 0 0 0 0 0
65 1 1 1 0 0 0 0 0 0
66 1 0 0 0 0 0 0 0 0
68 1 0 0 0 0 0 0 0 0
69 1 0 0 0 0 0 0 0 0
70 1 0 0 1 0 0 0 0 0
71 1 0 0 1 0 0 0 0 0
72 1 0 0 0 0 0 0 0 0
73 1 0 0 0 0 0 0 0 0
102 2 1 1 0 0 0 0 0 0
103 2 0 0 0 0 0 0 0 0
118 2 1 1 0 0 0 0 0 0
119 2 0 0 2 0 0 0 0 0
fl=/build/glibc-uZu3wS/glibc-2.27/string/../sysdeps/x86_64/multiarch/../strchr.S
fn=index
24 6 1 1 0 0 0 0 0 0
25 6 0 0 0 0 0 0 0 0
26 6 0 0 0 0 0 0 0 0
27 6 0 0 0 0 0 0 0 0
28 6 0 0 0 0 0 0 0 0
29 6 0 0 0 0 0 0 0 0
30 6 0 0 0 0 0 0 0 0
31 6 0 0 0 0 0 0 0 0
32 6 0 0 6 2 2 0 0 0
33 6 0 0 0 0 0 0 0 0
34 6 0 0 0 0 0 0 0 0
35 6 0 0 0 0 0 0 0 0
36 6 0 0 0 0 0 0 0 0
37 6 0 0 0 0 0 0 0 0
38 6 0 0 0 0 0 0 0 0
39 6 1 1 0 0 0 0 0 0
40 6 0 0 0 0 0 0 0 0
41 4 0 0 0 0 0 0 0 0
45 4 0 0 0 0 0 0 0 0
46 4 0 0 0 0 0 0 0 0
47 4 0 0 4 0 0 0 0 0
48 4 0 0 0 0 0 0 0 0
50 4 0 0 4 0 0 0 0 0
54 2 0 0 2 1 1 0 0 0
55 2 0 0 0 0 0 0 0 0
56 2 0 0 0 0 0 0 0 0
57 2 0 0 0 0 0 0 0 0
58 2 0 0 0 0 0 0 0 0
59 2 0 0 0 0 0 0 0 0
60 2 0 0 2 0 0 0 0 0
61 2 0 0 0 0 0 0 0 0
62 2 0 0 0 0 0 0 0 0
63 2 1 1 0 0 0 0 0 0
64 2 0 0 0 0 0 0 0 0
65 2 0 0 0 0 0 0 0 0
66 2 0 0 0 0 0 0 0 0
67 2 0 0 2 2 1 0 0 0
68 2 0 0 0 0 0 0 0 0
69 2 0 0 0 0 0 0 0 0
70 2 0 0 0 0 0 0 0 0
71 2 0 0 0 0 0 0 0 0
72 2 0 0 0 0 0 0 0 0
73 2 0 0 0 0 0 0 0 0
74 2 0 0 0 0 0 0 0 0
75 2 0 0 0 0 0 0 0 0
76 2 0 0 0 0 0 0 0 0
77 2 0 0 0 0 0 0 0 0
129 2 1 1 0 0 0 0 0 0
133 2 0 0 0 0 0 0 0 0
134 2 0 0 0 0 0 0 0 0
135 2 0 0 2 0 0 0 0 0
136 2 0 0 0 0 0 0 0 0
138 2 0 0 2 0 0 0 0 0
fl=/build/glibc-uZu3wS/glibc-2.27/string/../sysdeps/x86_64/multiarch/../strlen.S
fn=strlen
79 14 1 1 0 0 0 0 0 0
80 14 0 0 0 0 0 0 0 0
81 14 0 0 0 0 0 0 0 0
82 14 0 0 0 0 0 0 0 0
83 14 0 0 0 0 0 0 0 0
84 14 0 0 0 0 0 0 0 0
85 14 0 0 0 0 0 0 0 0
87 14 1 1 0 0 0 0 0 0
89 14 0 0 0 0 0 0 0 0
120 14 0 0 14 4 3 0 0 0
121 14 0 0 0 0 0 0 0 0
122 14 0 0 0 0 0 0 0 0
123 14 0 0 0 0 0 0 0 0
124 14 0 0 0 0 0 0 0 0
125 8 0 0 0 0 0 0 0 0
127 8 0 0 8 0 0 0 0 0
131 6 0 0 0 0 0 0 0 0
132 6 0 0 6 0 0 0 0 0
133 6 0 0 6 1 0 0 0 0
134 6 0 0 6 0 0 0 0 0
135 6 0 0 0 0 0 0 0 0
136 6 0 0 0 0 0 0 0 0
137 6 0 0 0 0 0 0 0 0
138 6 0 0 0 0 0 0 0 0
139 6 1 1 0 0 0 0 0 0
140 6 0 0 0 0 0 0 0 0
141 6 0 0 0 0 0 0 0 0
142 6 0 0 0 0 0 0 0 0
147 48 0 0 6 0 0 0 0 0
fl=/build/glibc-uZu3wS/glibc-2.27/string/../sysdeps/x86_64/multiarch/ifunc-avx2.h
fn=memchr
30 4 0 0 0 0 0 0 0 0
32 3 0 0 2 0 0 0 0 0
fn=memrchr
30 4 0 0 0 0 0 0 0 0
32 3 1 1 2 0 0 0 0 0
fn=rawmemchr
30 4 0 0 0 0 0 0 0 0
32 3 1 1 2 0 0 0 0 0
fn=rindex
30 4 0 0 0 0 0 0 0 0
32 3 0 0 2 0 0 0 0 0
fn=strchrnul
30 4 0 0 0 0 0 0 0 0
32 3 1 1 2 0 0 0 0 0
fn=strlen
30 4 0 0 0 0 0 0 0 0
32 3 1 1 2 0 0 0 0 0
fn=strnlen
30 8 0 0 0 0 0 0 0 0
32 6 1 1 4 0 0 0 0 0
fl=/build/glibc-uZu3wS/glibc-2.27/string/../sysdeps/x86_64/multiarch/ifunc-memcmp.h
fn=bcmp
32 2 0 0 0 0 0 0 0 0
33 5 2 2 3 1 0 0 0 0
34 2 0 0 0 0 0 0 0 0
35 3 0 0 0 0 0 0 0 0
fl=/build/glibc-uZu3wS/glibc-2.27/string/../sysdeps/x86_64/multiarch/ifunc-memmove.h
fn=memcpy@@GLIBC_2.14
44 5 1 1 2 0 0 0 0 0
47 2 0 0 0 0 0 0 0 0
48 2 0 0 0 0 0 0 0 0
59 2 0 0 0 0 0 0 0 0
61 5 2 2 2 0 0 0 0 0
fn=memmove
44 10 1 1 4 1 0 0 0 0
47 4 0 0 0 0 0 0 0 0
48 4 0 0 0 0 0 0 0 0
59 4 1 1 0 0 0 0 0 0
61 10 1 1 4 1 0 0 0 0
fn=mempcpy
44 5 1 1 2 0 0 0 0 0
47 2 0 0 0 0 0 0 0 0
48 2 0 0 0 0 0 0 0 0
59 2 0 0 0 0 0 0 0 0
61 5 2 2 2 0 0 0 0 0
fl=/build/glibc-uZu3wS/glibc-2.27/string/../sysdeps/x86_64/multiarch/ifunc-memset.h
fn=memset
42 5 0 0 2 0 0 0 0 0
45 4 0 0 1 0 0 0 0 0
46 2 1 1 0 0 0 0 0 0
57 2 0 0 0 0 0 0 0 0
59 5 0 0 1 0 0 0 0 0
fl=/build/glibc-uZu3wS/glibc-2.27/string/../sysdeps/x86_64/multiarch/ifunc-sse4_2.h
fn=strcspn
30 5 1 1 2 0 0 0 0 0
fn=strpbrk
30 5 1 1 2 0 0 0 0 0
fn=strspn
30 5 2 2 2 0 0 0 0 0
fl=/build/glibc-uZu3wS/glibc-2.27/string/../sysdeps/x86_64/multiarch/ifunc-strcasecmp.h
fn=strcasecmp
32 5 2 2 2 0 0 0 0 0
fn=strcasecmp_l
32 5 0 0 2 0 0 0 0 0
fn=strncasecmp
32 5 1 1 2 0 0 0 0 0
fn=strncasecmp_l
32 5 0 0 2 0 0 0 0 0
fl=/build/glibc-uZu3wS/glibc-2.27/string/../sysdeps/x86_64/multiarch/ifunc-unaligned-ssse3.h
fn=stpcpy
33 4 1 1 2 0 0 0 0 0
fn=stpncpy
33 4 0 0 2 0 0 0 0 0
fn=strcat
33 4 2 2 2 0 0 0 0 0
fn=strcpy
33 4 0 0 2 0 0 0 0 0
fn=strncpy
33 4 1 1 2 0 0 0 0 0
fl=/build/glibc-uZu3wS/glibc-2.27/string/../sysdeps/x86_64/multiarch/memchr.c
fn=memchr
29 1 0 0 1 0 0 0 0 0
fl=/build/glibc-uZu3wS/glibc-2.27/string/../sysdeps/x86_64/multiarch/memcmp.c
fn=bcmp
29 1 0 0 1 0 0 0 0 0
fl=/build/glibc-uZu3wS/glibc-2.27/string/../sysdeps/x86_64/multiarch/memmove-vec-unaligned-erms.S
fn=memcpy
129 14 1 1 0 0 0 0 0 0
135 40 0 0 0 0 0 0 0 0
136 40 0 0 0 0 0 0 0 0
137 12 0 0 0 0 0 0 0 0
138 12 0 0 0 0 0 0 0 0
143 8 0 0 8 1 0 0 0 0
144 8 0 0 8 0 0 0 0 0
145 8 0 0 0 0 0 8 4 3
146 8 0 0 0 0 0 8 1 0
151 8 0 0 8 0 0 0 0 0
275 28 1 1 0 0 0 0 0 0
276 28 0 0 0 0 0 0 0 0
277 9 0 0 0 0 0 0 0 0
278 9 0 0 0 0 0 0 0 0
279 4 0 0 0 0 0 0 0 0
280 4 0 0 0 0 0 0 0 0
281 2 0 0 0 0 0 0 0 0
282 1 0 0 1 0 0 0 0 0
283 1 0 0 0 0 0 1 1 1
285 2 0 0 2 0 0 0 0 0
307 19 0 0 19 0 0 0 0 0
308 19 0 0 19 0 0 0 0 0
309 19 0 0 0 0 0 19 4 2
310 19 0 0 0 0 0 19 0 0
311 19 0 0 19 0 0 0 0 0
314 5 0 0 5 0 0 0 0 0
315 5 0 0 5 0 0 0 0 0
316 5 0 0 0 0 0 5 1 0
317 5 0 0 0 0 0 5 0 0
318 5 0 0 5 0 0 0 0 0
321 2 1 1 2 1 1 0 0 0
322 2 0 0 2 0 0 0 0 0
323 2 0 0 0 0 0 2 1 1
324 2 0 0 0 0 0 2 0 0
325 2 0 0 2 0 0 0 0 0
335 4 0 0 0 0 0 0 0 0
336 4 0 0 0 0 0 0 0 0
337 4 0 0 0 0 0 0 0 0
338 4 0 0 0 0 0 0 0 0
360 4 1 1 4 0 0 0 0 0
361 4 0 0 4 0 0 0 0 0
362 4 0 0 4 0 0 0 0 0
363 4 0 0 4 0 0 0 0 0
364 4 0 0 0 0 0 4 3 2
365 4 1 1 0 0 0 4 2 0
366 4 0 0 0 0 0 4 2 2
367 4 0 0 0 0 0 4 0 0
369 4 0 0 4 0 0 0 0 0
fn=mempcpy
116 26 0 0 0 0 0 0 0 0
117 26 0 0 0 0 0 0 0 0
118 26 0 0 0 0 0 0 0 0
fl=/build/glibc-uZu3wS/glibc-2.27/string/../sysdeps/x86_64/multiarch/memrchr.c
fn=memrchr
29 1 0 0 1 0 0 0 0 0
fl=/build/glibc-uZu3wS/glibc-2.27/string/../sysdeps/x86_64/multiarch/memset-vec-unaligned-erms.S
fn=memset
109 65 2 1 0 0 0 0 0 0
115 13 0 0 0 0 0 0 0 0
116 13 0 0 0 0 0 0 0 0
117 6 0 0 0 0 0 0 0 0
118 6 0 0 0 0 0 0 0 0
120 4 0 0 0 0 0 4 4 2
121 4 0 0 0 0 0 4 0 0
123 4 0 0 4 0 0 0 0 0
182 2 1 1 0 0 0 0 0 0
183 2 0 0 0 0 0 0 0 0
193 2 0 0 0 0 0 0 0 0
194 2 0 0 0 0 0 2 2 2
195 2 0 0 0 0 0 0 0 0
196 2 0 0 0 0 0 2 2 2
197 2 0 0 0 0 0 2 0 0
198 2 0 0 0 0 0 2 0 0
199 2 0 0 0 0 0 2 2 1
200 2 0 0 0 0 0 2 2 0
201 2 0 0 0 0 0 2 0 0
202 2 0 0 0 0 0 2 0 0
203 2 0 0 0 0 0 0 0 0
204 2 0 0 0 0 0 0 0 0
205 2 0 0 0 0 0 0 0 0
206 2 0 0 0 0 0 0 0 0
208 31 0 0 0 0 0 31 28 28
209 31 0 0 0 0 0 31 0 0
210 31 0 0 0 0 0 31 29 0
211 31 0 0 0 0 0 31 0 0
212 31 0 0 0 0 0 0 0 0
213 31 0 0 0 0 0 0 0 0
214 31 0 0 0 0 0 0 0 0
215 2 0 0 2 0 0 0 0 0
230 7 2 1 0 0 0 0 0 0
231 7 0 0 0 0 0 0 0 0
232 7 2 1 0 0 0 0 0 0
233 6 0 0 0 0 0 0 0 0
234 6 0 0 0 0 0 0 0 0
235 2 0 0 0 0 0 0 0 0
236 2 0 0 0 0 0 0 0 0
260 1 0 0 0 0 0 1 1 1
261 1 0 0 0 0 0 1 0 0
263 1 0 0 1 0 0 0 0 0
266 4 0 0 0 0 0 4 0 0
267 4 0 0 0 0 0 4 0 0
269 4 0 0 4 0 0 0 0 0
272 2 0 0 0 0 0 2 0 0
273 2 0 0 0 0 0 2 0 0
275 2 0 0 2 0 0 0 0 0
fl=/build/glibc-uZu3wS/glibc-2.27/string/../sysdeps/x86_64/multiarch/rawmemchr.c
fn=rawmemchr
31 1 0 0 1 0 0 0 0 0
fl=/build/glibc-uZu3wS/glibc-2.27/string/../sysdeps/x86_64/multiarch/stpcpy.c
fn=stpcpy
33 1 0 0 1 0 0 0 0 0
fl=/build/glibc-uZu3wS/glibc-2.27/string/../sysdeps/x86_64/multiarch/stpncpy.c
fn=stpncpy
31 1 0 0 1 0 0 0 0 0
fl=/build/glibc-uZu3wS/glibc-2.27/string/../sysdeps/x86_64/multiarch/strcasecmp.c
fn=strcasecmp
31 1 0 0 1 0 0 0 0 0
fl=/build/glibc-uZu3wS/glibc-2.27/string/../sysdeps/x86_64/multiarch/strcasecmp_l.c
fn=strcasecmp_l
31 1 1 1 1 0 0 0 0 0
fl=/build/glibc-uZu3wS/glibc-2.27/string/../sysdeps/x86_64/multiarch/strcat.c
fn=strcat
29 1 0 0 1 0 0 0 0 0
fl=/build/glibc-uZu3wS/glibc-2.27/string/../sysdeps/x86_64/multiarch/strchr.c
fn=index
38 3 0 0 0 0 0 0 0 0
40 4 0 0 2 0 0 0 0 0
49 1 0 0 1 0 0 0 0 0
fl=/build/glibc-uZu3wS/glibc-2.27/string/../sysdeps/x86_64/multiarch/strchrnul.c
fn=strchrnul
31 1 0 0 1 0 0 0 0 0
fl=/build/glibc-uZu3wS/glibc-2.27/string/../sysdeps/x86_64/multiarch/strcmp.c
fn=strcmp
38 4 1 1 2 0 0 0 0 0
47 1 1 1 1 0 0 0 0 0
fl=/build/glibc-uZu3wS/glibc-2.27/string/../sysdeps/x86_64/multiarch/strcpy.c
fn=strcpy
29 1 0 0 1 0 0 0 0 0
fl=/build/glibc-uZu3wS/glibc-2.27/string/../sysdeps/x86_64/multiarch/strcspn.c
fn=strcspn
29 1 0 0 1 0 0 0 0 0
fl=/build/glibc-uZu3wS/glibc-2.27/string/../sysdeps/x86_64/multiarch/strlen-avx2.S
fn=__strlen_avx2
55 1 1 1 0 0 0 0 0 0
56 1 0 0 0 0 0 0 0 0
57 1 0 0 0 0 0 0 0 0
60 1 0 0 0 0 0 0 0 0
61 1 0 0 0 0 0 0 0 0
62 1 0 0 0 0 0 0 0 0
94 1 1 1 0 0 0 0 0 0
95 1 0 0 0 0 0 0 0 0
96 1 0 0 1 1 0 0 0 0
97 1 0 0 0 0 0 0 0 0
99 1 0 0 0 0 0 0 0 0
100 1 0 0 0 0 0 0 0 0
101 1 0 0 0 0 0 0 0 0
102 1 0 0 0 0 0 0 0 0
108 1 0 0 0 0 0 0 0 0
109 1 0 0 0 0 0 0 0 0
110 1 0 0 0 0 0 0 0 0
114 1 0 0 0 0 0 0 0 0
115 1 0 0 1 0 0 0 0 0
fl=/build/glibc-uZu3wS/glibc-2.27/string/../sysdeps/x86_64/multiarch/strlen.c
fn=strlen
29 1 0 0 1 0 0 0 0 0
fl=/build/glibc-uZu3wS/glibc-2.27/string/../sysdeps/x86_64/multiarch/strncase.c
fn=strncasecmp
31 1 1 1 1 0 0 0 0 0
fl=/build/glibc-uZu3wS/glibc-2.27/string/../sysdeps/x86_64/multiarch/strncase_l.c
fn=strncasecmp_l
31 1 1 1 1 0 0 0 0 0
fl=/build/glibc-uZu3wS/glibc-2.27/string/../sysdeps/x86_64/multiarch/strncmp.c
fn=strncmp
38 4 1 1 2 0 0 0 0 0
39 3 0 0 1 0 0 0 0 0
48 1 0 0 1 0 0 0 0 0
fl=/build/glibc-uZu3wS/glibc-2.27/string/../sysdeps/x86_64/multiarch/strncpy.c
fn=strncpy
29 1 1 1 1 0 0 0 0 0
fl=/build/glibc-uZu3wS/glibc-2.27/string/../sysdeps/x86_64/multiarch/strnlen.c
fn=strnlen
31 2 0 0 2 0 0 0 0 0
fl=/build/glibc-uZu3wS/glibc-2.27/string/../sysdeps/x86_64/multiarch/strpbrk.c
fn=strpbrk
29 1 0 0 1 0 0 0 0 0
fl=/build/glibc-uZu3wS/glibc-2.27/string/../sysdeps/x86_64/multiarch/strrchr-avx2.S
fn=__strrchr_avx2
43 1 1 1 0 0 0 0 0 0
44 1 0 0 0 0 0 0 0 0
46 1 0 0 0 0 0 0 0 0
47 1 0 0 0 0 0 0 0 0
50 1 0 0 0 0 0 0 0 0
51 1 0 0 0 0 0 0 0 0
52 1 0 0 0 0 0 0 0 0
54 1 0 0 1 1 0 0 0 0
55 1 0 0 0 0 0 0 0 0
56 1 0 0 0 0 0 0 0 0
57 1 0 0 0 0 0 0 0 0
58 1 0 0 0 0 0 0 0 0
59 1 0 0 0 0 0 0 0 0
61 1 0 0 0 0 0 0 0 0
62 1 0 0 0 0 0 0 0 0
74 1 1 1 0 0 0 0 0 0
75 1 0 0 0 0 0 0 0 0
216 1 1 1 0 0 0 0 0 0
217 1 0 0 0 0 0 0 0 0
218 1 0 0 0 0 0 0 0 0
219 1 0 0 0 0 0 0 0 0
220 1 0 0 0 0 0 0 0 0
222 1 0 0 0 0 0 0 0 0
223 1 0 0 0 0 0 0 0 0
224 1 0 0 0 0 0 0 0 0
225 1 0 0 0 0 0 0 0 0
226 1 0 0 1 0 0 0 0 0
fl=/build/glibc-uZu3wS/glibc-2.27/string/../sysdeps/x86_64/multiarch/strrchr.c
fn=rindex
28 1 0 0 1 0 0 0 0 0
fl=/build/glibc-uZu3wS/glibc-2.27/string/../sysdeps/x86_64/multiarch/strspn.c
fn=strspn
29 1 0 0 1 0 0 0 0 0
fl=/build/glibc-uZu3wS/glibc-2.27/string/../sysdeps/x86_64/strcmp.S
fn=strcmp
144 216 1 1 0 0 0 0 0 0
145 216 0 0 0 0 0 0 0 0
147 216 0 0 0 0 0 0 0 0
148 216 0 0 0 0 0 0 0 0
169 216 0 0 0 0 0 0 0 0
170 216 0 0 0 0 0 0 0 0
171 202 0 0 0 0 0 0 0 0
172 202 0 0 0 0 0 0 0 0
173 196 0 0 196 17 8 0 0 0
174 196 0 0 196 12 0 0 0 0
175 196 0 0 196 3 0 0 0 0
176 196 0 0 196 2 0 0 0 0
197 196 0 0 0 0 0 0 0 0
198 196 0 0 0 0 0 0 0 0
199 196 0 0 0 0 0 0 0 0
200 196 0 0 0 0 0 0 0 0
201 196 0 0 0 0 0 0 0 0
202 196 0 0 0 0 0 0 0 0
203 196 0 0 0 0 0 0 0 0
208 6 0 0 0 0 0 0 0 0
209 6 0 0 0 0 0 0 0 0
218 26 1 1 0 0 0 0 0 0
219 26 0 0 0 0 0 0 0 0
220 26 0 0 0 0 0 0 0 0
221 26 0 0 0 0 0 0 0 0
222 26 0 0 0 0 0 0 0 0
223 26 0 0 0 0 0 0 0 0
224 26 0 0 0 0 0 0 0 0
225 26 0 0 0 0 0 0 0 0
226 20 0 0 0 0 0 0 0 0
227 12 0 0 0 0 0 0 0 0
228 12 0 0 0 0 0 0 0 0
229 12 0 0 0 0 0 0 0 0
231 20 0 0 0 0 0 0 0 0
232 20 0 0 0 0 0 0 0 0
233 20 1 1 0 0 0 0 0 0
234 20 0 0 20 7 2 0 0 0
235 20 0 0 0 0 0 0 0 0
236 20 0 0 0 0 0 0 0 0
246 6 0 0 6 0 0 0 0 0
247 6 0 0 0 0 0 0 0 0
248 6 0 0 0 0 0 0 0 0
250 6 0 0 6 2 2 0 0 0
256 6 0 0 0 0 0 0 0 0
257 6 0 0 0 0 0 0 0 0
258 6 0 0 0 0 0 0 0 0
259 6 0 0 0 0 0 0 0 0
260 6 0 0 0 0 0 0 0 0
265 6 0 0 0 0 0 0 0 0
267 1 0 0 0 0 0 0 0 0
268 1 1 1 0 0 0 0 0 0
269 2 0 0 0 0 0 0 0 0
277 1 0 0 1 0 0 0 0 0
278 1 0 0 1 1 0 0 0 0
281 1 0 0 0 0 0 0 0 0
282 1 0 0 0 0 0 0 0 0
283 1 0 0 0 0 0 0 0 0
284 1 0 0 0 0 0 0 0 0
285 1 0 0 0 0 0 0 0 0
286 1 0 0 0 0 0 0 0 0
571 1 1 1 0 0 0 0 0 0
572 1 0 0 1 0 0 0 0 0
573 1 0 0 1 0 0 0 0 0
574 1 0 0 0 0 0 0 0 0
575 1 1 1 0 0 0 0 0 0
577 1 0 0 0 0 0 0 0 0
578 1 0 0 0 0 0 0 0 0
579 1 0 0 0 0 0 0 0 0
580 1 0 0 0 0 0 0 0 0
581 1 0 0 0 0 0 0 0 0
582 1 0 0 0 0 0 0 0 0
583 1 0 0 0 0 0 0 0 0
584 1 0 0 1 0 0 0 0 0
588 1 0 0 0 0 0 0 0 0
589 1 0 0 0 0 0 0 0 0
590 1 0 0 0 0 0 0 0 0
596 1 0 0 0 0 0 0 0 0
597 1 0 0 0 0 0 0 0 0
598 2 1 1 0 0 0 0 0 0
602 1 0 0 0 0 0 0 0 0
603 1 0 0 0 0 0 0 0 0
606 1 0 0 1 0 0 0 0 0
607 1 0 0 1 1 1 0 0 0
608 1 0 0 0 0 0 0 0 0
611 1 0 0 0 0 0 0 0 0
612 1 0 0 0 0 0 0 0 0
613 1 0 0 0 0 0 0 0 0
619 1 0 0 0 0 0 0 0 0
620 1 0 0 0 0 0 0 0 0
621 1 1 1 0 0 0 0 0 0
622 1 0 0 0 0 0 0 0 0
623 1 0 0 0 0 0 0 0 0
624 1 0 0 0 0 0 0 0 0
946 1 1 1 0 0 0 0 0 0
947 1 0 0 1 0 0 0 0 0
948 1 0 0 1 0 0 0 0 0
949 1 0 0 0 0 0 0 0 0
950 1 1 1 0 0 0 0 0 0
952 1 0 0 0 0 0 0 0 0
953 1 0 0 0 0 0 0 0 0
954 1 0 0 0 0 0 0 0 0
955 1 0 0 0 0 0 0 0 0
956 1 0 0 0 0 0 0 0 0
957 1 0 0 0 0 0 0 0 0
958 1 0 0 0 0 0 0 0 0
959 1 0 0 1 0 0 0 0 0
963 1 0 0 0 0 0 0 0 0
964 1 0 0 0 0 0 0 0 0
965 1 0 0 0 0 0 0 0 0
971 1 0 0 0 0 0 0 0 0
972 1 0 0 0 0 0 0 0 0
973 2 1 1 0 0 0 0 0 0
977 1 0 0 0 0 0 0 0 0
978 1 0 0 0 0 0 0 0 0
981 1 0 0 1 0 0 0 0 0
982 1 0 0 1 1 1 0 0 0
983 1 0 0 0 0 0 0 0 0
986 1 0 0 0 0 0 0 0 0
987 1 0 0 0 0 0 0 0 0
988 1 0 0 0 0 0 0 0 0
994 1 0 0 0 0 0 0 0 0
995 1 0 0 0 0 0 0 0 0
996 1 1 1 0 0 0 0 0 0
997 1 0 0 0 0 0 0 0 0
998 1 0 0 0 0 0 0 0 0
999 1 0 0 0 0 0 0 0 0
1071 2 1 1 0 0 0 0 0 0
1072 2 0 0 2 1 1 0 0 0
1073 2 0 0 2 0 0 0 0 0
1074 2 0 0 0 0 0 0 0 0
1075 2 1 1 0 0 0 0 0 0
1077 2 0 0 0 0 0 0 0 0
1078 2 0 0 0 0 0 0 0 0
1079 2 0 0 0 0 0 0 0 0
1080 2 0 0 0 0 0 0 0 0
1081 2 0 0 0 0 0 0 0 0
1082 2 0 0 0 0 0 0 0 0
1083 2 0 0 0 0 0 0 0 0
1084 2 0 0 2 0 0 0 0 0
1088 2 0 0 0 0 0 0 0 0
1089 2 0 0 0 0 0 0 0 0
1090 2 0 0 0 0 0 0 0 0
1096 2 0 0 0 0 0 0 0 0
1097 2 0 0 0 0 0 0 0 0
1098 4 1 1 0 0 0 0 0 0
1102 2 0 0 0 0 0 0 0 0
1103 2 0 0 0 0 0 0 0 0
1106 2 0 0 2 0 0 0 0 0
1107 2 0 0 2 1 1 0 0 0
1108 2 0 0 0 0 0 0 0 0
1111 2 0 0 0 0 0 0 0 0
1112 2 0 0 0 0 0 0 0 0
1113 2 0 0 0 0 0 0 0 0
1119 2 0 0 0 0 0 0 0 0
1120 2 0 0 0 0 0 0 0 0
1121 2 1 1 0 0 0 0 0 0
1122 2 0 0 0 0 0 0 0 0
1123 2 0 0 0 0 0 0 0 0
1124 2 0 0 0 0 0 0 0 0
1196 2 1 1 0 0 0 0 0 0
1197 2 0 0 2 0 0 0 0 0
1198 2 0 0 2 0 0 0 0 0
1199 2 0 0 0 0 0 0 0 0
1200 2 1 1 0 0 0 0 0 0
1202 2 0 0 0 0 0 0 0 0
1203 2 0 0 0 0 0 0 0 0
1204 2 0 0 0 0 0 0 0 0
1205 2 0 0 0 0 0 0 0 0
1206 2 0 0 0 0 0 0 0 0
1207 2 0 0 0 0 0 0 0 0
1208 2 0 0 0 0 0 0 0 0
1321 3 1 1 0 0 0 0 0 0
1322 3 0 0 3 1 1 0 0 0
1323 3 0 0 3 0 0 0 0 0
1324 3 0 0 0 0 0 0 0 0
1325 3 1 1 0 0 0 0 0 0
1327 3 0 0 0 0 0 0 0 0
1328 3 0 0 0 0 0 0 0 0
1329 3 0 0 0 0 0 0 0 0
1330 3 0 0 0 0 0 0 0 0
1331 3 0 0 0 0 0 0 0 0
1332 3 0 0 0 0 0 0 0 0
1333 3 0 0 0 0 0 0 0 0
1446 1 1 1 0 0 0 0 0 0
1447 1 0 0 1 0 0 0 0 0
1448 1 0 0 1 1 0 0 0 0
1449 1 0 0 0 0 0 0 0 0
1450 1 1 1 0 0 0 0 0 0
1452 1 0 0 0 0 0 0 0 0
1453 1 0 0 0 0 0 0 0 0
1454 1 0 0 0 0 0 0 0 0
1455 1 0 0 0 0 0 0 0 0
1456 1 0 0 0 0 0 0 0 0
1457 1 0 0 0 0 0 0 0 0
1458 1 0 0 0 0 0 0 0 0
1459 1 0 0 1 0 0 0 0 0
1463 1 0 0 0 0 0 0 0 0
1464 1 0 0 0 0 0 0 0 0
1465 1 0 0 0 0 0 0 0 0
1471 1 0 0 0 0 0 0 0 0
1472 1 0 0 0 0 0 0 0 0
1473 2 1 1 0 0 0 0 0 0
1477 1 0 0 0 0 0 0 0 0
1478 1 0 0 0 0 0 0 0 0
1481 1 0 0 1 1 1 0 0 0
1482 1 0 0 1 0 0 0 0 0
1483 1 0 0 0 0 0 0 0 0
1486 1 0 0 0 0 0 0 0 0
1487 1 0 0 0 0 0 0 0 0
1488 1 0 0 0 0 0 0 0 0
1494 1 0 0 0 0 0 0 0 0
1495 1 0 0 0 0 0 0 0 0
1496 1 1 1 0 0 0 0 0 0
1497 1 0 0 0 0 0 0 0 0
1498 1 0 0 0 0 0 0 0 0
1499 1 0 0 0 0 0 0 0 0
1571 1 1 1 0 0 0 0 0 0
1572 1 0 0 1 0 0 0 0 0
1573 1 0 0 1 0 0 0 0 0
1574 1 0 0 0 0 0 0 0 0
1575 1 1 1 0 0 0 0 0 0
1577 1 0 0 0 0 0 0 0 0
1578 1 0 0 0 0 0 0 0 0
1579 1 0 0 0 0 0 0 0 0
1580 1 0 0 0 0 0 0 0 0
1581 1 0 0 0 0 0 0 0 0
1582 1 0 0 0 0 0 0 0 0
1583 1 0 0 0 0 0 0 0 0
1696 1 1 1 0 0 0 0 0 0
1697 1 0 0 1 0 0 0 0 0
1698 1 0 0 1 0 0 0 0 0
1699 1 0 0 0 0 0 0 0 0
1700 1 1 1 0 0 0 0 0 0
1702 1 0 0 0 0 0 0 0 0
1703 1 0 0 0 0 0 0 0 0
1704 1 0 0 0 0 0 0 0 0
1705 1 0 0 0 0 0 0 0 0
1706 1 0 0 0 0 0 0 0 0
1707 1 0 0 0 0 0 0 0 0
1708 1 0 0 0 0 0 0 0 0
1821 3 1 1 0 0 0 0 0 0
1822 3 0 0 3 0 0 0 0 0
1823 3 0 0 3 2 1 0 0 0
1824 3 0 0 0 0 0 0 0 0
1825 3 1 1 0 0 0 0 0 0
1827 3 0 0 0 0 0 0 0 0
1828 3 0 0 0 0 0 0 0 0
1829 3 0 0 0 0 0 0 0 0
1830 3 0 0 0 0 0 0 0 0
1831 3 0 0 0 0 0 0 0 0
1832 3 0 0 0 0 0 0 0 0
1833 3 0 0 0 0 0 0 0 0
1834 2 0 0 2 0 0 0 0 0
1838 2 0 0 0 0 0 0 0 0
1839 2 0 0 0 0 0 0 0 0
1840 2 0 0 0 0 0 0 0 0
1846 2 0 0 0 0 0 0 0 0
1847 2 0 0 0 0 0 0 0 0
1848 4 1 1 0 0 0 0 0 0
1852 2 0 0 0 0 0 0 0 0
1853 2 0 0 0 0 0 0 0 0
1856 2 0 0 2 2 2 0 0 0
1857 2 0 0 2 0 0 0 0 0
1858 2 0 0 0 0 0 0 0 0
1861 2 0 0 0 0 0 0 0 0
1862 2 0 0 0 0 0 0 0 0
1863 2 0 0 0 0 0 0 0 0
1869 2 0 0 0 0 0 0 0 0
1870 2 0 0 0 0 0 0 0 0
1871 2 1 1 0 0 0 0 0 0
1872 2 0 0 0 0 0 0 0 0
1873 2 0 0 0 0 0 0 0 0
1874 2 0 0 0 0 0 0 0 0
1881 1 0 0 0 0 0 0 0 0
1882 1 0 0 0 0 0 0 0 0
1884 1 0 0 0 0 0 0 0 0
1885 1 0 0 0 0 0 0 0 0
1887 1 0 0 1 0 0 0 0 0
1888 1 0 0 1 0 0 0 0 0
1889 1 0 0 0 0 0 0 0 0
1892 1 0 0 0 0 0 0 0 0
1893 1 0 0 0 0 0 0 0 0
1894 1 0 0 0 0 0 0 0 0
1900 1 0 0 0 0 0 0 0 0
1901 1 1 1 0 0 0 0 0 0
1902 1 0 0 0 0 0 0 0 0
1903 1 0 0 0 0 0 0 0 0
1904 1 0 0 0 0 0 0 0 0
1905 1 0 0 0 0 0 0 0 0
1946 2 1 1 0 0 0 0 0 0
1947 2 0 0 2 0 0 0 0 0
1948 2 0 0 2 0 0 0 0 0
1949 2 0 0 0 0 0 0 0 0
1950 2 1 1 0 0 0 0 0 0
1952 2 0 0 0 0 0 0 0 0
1953 2 0 0 0 0 0 0 0 0
1954 2 0 0 0 0 0 0 0 0
1955 2 0 0 0 0 0 0 0 0
1956 2 0 0 0 0 0 0 0 0
1957 2 0 0 0 0 0 0 0 0
1958 2 0 0 0 0 0 0 0 0
1959 1 0 0 1 0 0 0 0 0
1963 1 0 0 0 0 0 0 0 0
1964 1 0 0 0 0 0 0 0 0
1965 1 0 0 0 0 0 0 0 0
1971 1 0 0 0 0 0 0 0 0
1972 1 0 0 0 0 0 0 0 0
1973 2 1 1 0 0 0 0 0 0
1977 1 0 0 0 0 0 0 0 0
1978 1 0 0 0 0 0 0 0 0
1981 1 0 0 1 0 0 0 0 0
1982 1 0 0 1 0 0 0 0 0
1983 1 0 0 0 0 0 0 0 0
1986 1 0 0 0 0 0 0 0 0
1987 1 0 0 0 0 0 0 0 0
1988 1 0 0 0 0 0 0 0 0
1994 1 0 0 0 0 0 0 0 0
1995 1 0 0 0 0 0 0 0 0
1996 1 1 1 0 0 0 0 0 0
1997 1 0 0 0 0 0 0 0 0
1998 1 0 0 0 0 0 0 0 0
1999 1 0 0 0 0 0 0 0 0
2071 3 1 1 0 0 0 0 0 0
2072 3 0 0 3 0 0 0 0 0
2073 3 0 0 3 0 0 0 0 0
2074 3 0 0 0 0 0 0 0 0
2075 3 2 1 0 0 0 0 0 0
2077 3 0 0 0 0 0 0 0 0
2078 3 0 0 0 0 0 0 0 0
2079 3 0 0 0 0 0 0 0 0
2080 3 0 0 0 0 0 0 0 0
2081 3 0 0 0 0 0 0 0 0
2082 3 0 0 0 0 0 0 0 0
2083 3 0 0 0 0 0 0 0 0
2085 1 0 0 1 0 0 0 0 0
2089 1 0 0 0 0 0 0 0 0
2090 1 0 0 0 0 0 0 0 0
2091 1 0 0 0 0 0 0 0 0
2097 1 0 0 0 0 0 0 0 0
2098 1 0 0 0 0 0 0 0 0
2100 2 1 1 0 0 0 0 0 0
2104 1 0 0 0 0 0 0 0 0
2105 1 0 0 0 0 0 0 0 0
2108 1 0 0 1 0 0 0 0 0
2109 1 0 0 1 1 0 0 0 0
2110 1 0 0 0 0 0 0 0 0
2113 1 0 0 0 0 0 0 0 0
2114 1 0 0 0 0 0 0 0 0
2115 1 0 0 0 0 0 0 0 0
2121 1 0 0 0 0 0 0 0 0
2122 1 0 0 0 0 0 0 0 0
2123 1 1 1 0 0 0 0 0 0
2124 1 0 0 0 0 0 0 0 0
2125 1 0 0 0 0 0 0 0 0
2126 1 0 0 0 0 0 0 0 0
2200 10 0 0 0 0 0 0 0 0
2202 26 1 1 0 0 0 0 0 0
2203 26 0 0 0 0 0 0 0 0
2204 26 0 0 0 0 0 0 0 0
2205 26 1 1 0 0 0 0 0 0
2206 36 0 0 0 0 0 0 0 0
2211 216 0 0 0 0 0 0 0 0
2217 216 0 0 216 0 0 0 0 0
2218 216 0 0 216 0 0 0 0 0
2226 216 0 0 0 0 0 0 0 0
2227 216 0 0 216 0 0 0 0 0
fl=/build/glibc-uZu3wS/glibc-2.27/string/../sysdeps/x86_64/strcspn.S
fn=strcspn
30 1 1 1 0 0 0 0 0 0
37 1 0 0 0 0 0 0 0 0
38 1 0 0 0 0 0 0 0 0
40 1 0 0 0 0 0 0 0 0
41 1 0 0 0 0 0 0 0 0
42 1 0 0 0 0 0 0 0 0
43 1 0 0 0 0 0 0 0 0
44 33 0 0 0 0 0 32 8 4
47 2 0 0 0 0 0 0 0 0
54 1 0 0 1 0 0 0 0 0
55 1 0 0 0 0 0 0 0 0
56 1 0 0 0 0 0 0 0 0
57 1 0 0 0 0 0 1 0 0
59 1 0 0 1 0 0 0 0 0
60 1 0 0 0 0 0 0 0 0
61 1 0 0 0 0 0 0 0 0
62 1 0 0 0 0 0 1 0 0
64 1 0 0 1 0 0 0 0 0
65 1 0 0 0 0 0 0 0 0
66 1 0 0 0 0 0 0 0 0
75 3 1 1 0 0 0 0 0 0
87 12 0 0 0 0 0 0 0 0
89 12 0 0 12 0 0 0 0 0
90 12 0 0 12 0 0 0 0 0
91 12 0 0 0 0 0 0 0 0
93 12 0 0 12 0 0 0 0 0
94 12 0 0 12 0 0 0 0 0
95 12 0 0 0 0 0 0 0 0
97 12 0 0 12 1 1 0 0 0
98 12 0 0 12 0 0 0 0 0
99 12 0 0 0 0 0 0 0 0
101 12 0 0 12 0 0 0 0 0
102 12 0 0 12 0 0 0 0 0
103 12 0 0 0 0 0 0 0 0
105 1 0 0 0 0 0 0 0 0
106 1 0 0 0 0 0 0 0 0
107 1 0 0 0 0 0 0 0 0
109 1 0 0 0 0 0 0 0 0
116 1 0 0 0 0 0 0 0 0
120 1 0 0 1 0 0 0 0 0
fl=/build/glibc-uZu3wS/glibc-2.27/string/strdup.c
fn=strdup
40 12 1 1 0 0 0 6 0 0
41 6 1 1 0 0 0 3 0 0
42 6 0 0 0 0 0 3 0 0
44 6 0 0 0 0 0 0 0 0
47 12 0 0 0 0 0 0 0 0
48 9 0 0 6 0 0 0 0 0
fl=/build/glibc-uZu3wS/glibc-2.27/time/../sysdeps/generic/dl-hash.h
fn=gettimeofday
43 1 0 0 0 0 0 0 0 0
44 1 0 0 0 0 0 0 0 0
45 13 0 0 4 0 0 0 0 0
48 12 1 1 0 0 0 0 0 0
62 16 0 0 0 0 0 0 0 0
67 1 0 0 0 0 0 0 0 0
fn=time
44 1 1 1 0 0 0 0 0 0
45 13 1 1 4 1 1 0 0 0
48 12 0 0 0 0 0 0 0 0
62 16 0 0 0 0 0 0 0 0
67 1 0 0 0 0 0 0 0 0
fl=/build/glibc-uZu3wS/glibc-2.27/time/../sysdeps/unix/sysv/linux/x86/gettimeofday.c
fn=gettimeofday
42 16 2 2 1 0 0 4 0 0
fl=/build/glibc-uZu3wS/glibc-2.27/time/../sysdeps/unix/sysv/linux/x86/time.c
fn=time
43 17 1 1 1 0 0 4 0 0
fl=/build/glibc-uZu3wS/glibc-2.27/wcsmbs/../sysdeps/x86_64/multiarch/ifunc-avx2.h
fn=wcschr
30 8 0 0 0 0 0 0 0 0
32 6 2 2 4 0 0 0 0 0
fn=wcslen
30 4 0 0 0 0 0 0 0 0
32 3 2 2 2 0 0 0 0 0
fn=wmemchr
30 8 0 0 0 0 0 0 0 0
32 6 1 1 4 0 0 0 0 0
fl=/build/glibc-uZu3wS/glibc-2.27/wcsmbs/../sysdeps/x86_64/multiarch/ifunc-wmemset.h
fn=wmemset
30 6 0 0 0 0 0 0 0 0
32 8 1 1 4 0 0 0 0 0
34 8 1 1 0 0 0 0 0 0
35 2 0 0 0 0 0 0 0 0
fl=/build/glibc-uZu3wS/glibc-2.27/wcsmbs/../sysdeps/x86_64/multiarch/wcschr.c
fn=wcschr
31 2 0 0 2 0 0 0 0 0
fl=/build/glibc-uZu3wS/glibc-2.27/wcsmbs/../sysdeps/x86_64/multiarch/wcslen.c
fn=wcslen
29 1 0 0 1 0 0 0 0 0
fl=/build/glibc-uZu3wS/glibc-2.27/wcsmbs/../sysdeps/x86_64/multiarch/wcsnlen.c
fn=wcsnlen
38 3 0 0 0 0 0 0 0 0
40 3 1 1 2 0 0 0 0 0
49 1 0 0 1 0 0 0 0 0
fl=/build/glibc-uZu3wS/glibc-2.27/wcsmbs/../sysdeps/x86_64/multiarch/wmemchr.c
fn=wmemchr
31 2 0 0 2 0 0 0 0 0
fl=/build/glibc-uZu3wS/glibc-2.27/wcsmbs/../sysdeps/x86_64/multiarch/wmemset.c
fn=wmemset
31 2 0 0 2 0 0 0 0 0
fl=???
fn=???
0 1000178 22 19 1000092 12 0 21 1 1
fn=__libc_csu_init
0 34 3 3 8 0 0 8 0 0
fn=_start
0 11 2 2 2 0 0 3 0 0
fn=main
0 31000030 4 4 14000005 125003 0 2000015 125003 62500
fn=partition
0 692908648 4 4 337548778 1839349 0 43959874 3529 0
fn=quick
0 29998407 2 2 11332731 335 0 7999576 2037 0
summary: 808046224 1103 1080 381931679 1969206 2060 60971327 131728 63066
